1001358
999291
999639
999547
1000053
1000720
999875
999615
1000252
999067
1002120
997504
1000019
1000052
999999
1000022
1000002
1001032
999774
999994
999999
1000028
999790
1000162
999972
999958
1000022
1000053
999902
1001002
999979
999513
999789
1000382
1000029
998879
999914
1000107
999762
1000013
1000021
1001312
999513
999883
1000046
1000043
1000613
1003024
997768
999903
999643
999890
999697
999386
999185
1000086
999946
1000037
1000662
1002883
999926
997888
999700
999940
1000280
1001819
999929
999044
999588
1000249
999377
999832
999673
1000191
999856
999776
1000128
1000903
999327
1000247
999646
1000199
1000346
998836
999678
1000816
999849
1000116
1000229
999666
999227
1000009
1000110
999938
999962
1000024
1000020
1000110
999813
1000035
1001577
1000006
999536
999626
1000655
999575
999878
999951
999922
1000201
999856
1000139
999921
1000771
999848
999673
1000200
999650
999082
1000022
1000048
1000084
999783
1000071
1000020
1001419
999939
999396
1000073
999966
1000157
999795
999984
1000696
999957
999615
999895
999785
999359
999932
1000072
1000067
999796
1000056
1000025
1000075
999837
1000002
1000061
1001135
999887
999949
999834
1000022
999868
1000132
999851
999976
1000056
1000166
999820
1000349
1000509
999421
1000222
1000219
999867
998855
999843
1000094
999943
1000040
1000012
1000904
1000107
999718
1000116
1000126
999819
999756
1000150
1000696
1000162
999556
999727
1000622
998515
1000022
1000051
1000038
999788
1000016
999998
1000018
999959
1000029
1000017
1001094
1000437
1000313
998697
999900
1000149
1000284
999969
999962
1000066
999820
1000102
1001028
999708
999586
999874
1000641
999679
998741
1000018
1000061
999802
1000038
1000015
1000967
999921
1000066
999934
999930
999904
999986
1000096
1000660
1000061
999653
999971
1000158
998877
999811
1000067
1000040
999972
1000037
999849
1000219
999808
1000017
1000019
1001497
999635
999700
1000094
999929
1000025
999896
999815
1000102
999928
999977
1000004
1000895
999382
1000039
1000089
1000588
999980
999580
999881
1000463
999836
998782
999872
1000972
999905
999931
1000011
999969
999950
1000103
1000235
999800
999259
999886
1000079
1001509
999269
1000181
999896
1000569
998674
999835
1000081
1000026
999819
1000015
1000028
1001751
999355
1000274
999771
1000419
999368
1000062
999937
1000087
999719
1000033
999949
1000854
999364
1000178
999853
1000561
998640
999840
1000052
999984
999958
1000039
1000048
1000665
1000025
999790
1000082
999950
1000242
999626
999885
1001112
999624
999988
999750
1000513
998690
1000009
1000067
999983
999967
999981
1000053
1000042
999826
999982
1000061
1001664
999102
1000228
1000154
1000528
999108
999800
999850
1001087
999451
1000030
999834
1000637
999280
1000004
999907
1000006
1000121
999692
1000152
999940
1000425
1000140
1000123
1000142
999439
1000340
999827
1000490
998618
999880
1000062
1001304
999316
999956
999974
1001013
999466
1000091
999655
1000657
998639
999788
1000056
1000226
999825
1000057
999859
1001300
999738
999979
999829
1000231
999648
1000030
1000121
1000066
999989
999866
1000053
1000817
999484
1000133
999824
1000428
999632
999578
999657
1000229
1000906
998739
999866
1001352
998819
999842
1000014
1000015
999812
1000062
1000013
1000637
1000101
1000067
999863
1000513
999906
999708
999839
1000259
999887
1000064
999755
1000103
999885
1000303
999473
1000611
999593
999942
1000104
1000094
999997
1000171
999789
1000115
1000066
999737
1000068
1001344
999422
999681
999856
1000109
1000556
999382
1000105
999881
1000479
998568
1000140
1001322
999486
1000282
999787
999878
999100
1000028
1000040
1001512
998972
1000110
999927
1000539
999801
999817
999937
1000385
999621
999958
999976
1000415
999446
1000210
1000144
1001596
998919
999598
999940
1000033
1000478
998706
999895
1000136
999765
1000028
1000043
1001128
999752
999791
1000143
1000018
999951
999941
1000056
999989
999955
1000022
1000054
1000848
999429
1000094
999791
1000393
998849
1001176
998741
1000836
999898
999855
999903
1000141
999282
999988
1000047
1000129
999750
1000045
1000098
999903
999965
999998
1000041
1001892
999605
999704
999897
999926
1000712
999213
1000023
1000008
999960
999870
999986
1000348
999592
999843
1000350
999647
1000008
1000082
999838
1000098
1000028
999843
1001019
1000004
999582
999890
1000092
1000298
999456
999922
999951
1000725
999339
999258
1000074
1000918
999799
999933
1000061
1000004
999896
999974
999966
1000039
1000099
999907
999962
1000951
999584
1000161
999745
1000320
998632
1000017
1000053
1000046
999784
1000009
1000033
1001552
999939
999607
999770
1000543
998715
999849
1001377
998776
999914
1000004
1000034
1001030
999704
999997
999998
999988
1000067
999783
999994
1000720
1000128
999601
999883
999712
999402
999991
1000056
1000006
999793
1000025
1000036
1000111
1000098
999831
1000018
1001357
1000051
999437
999872
1000058
999982
1000005
999825
1000174
999993
1000061
999776
1001044
999824
999427
999823
1000603
999955
998758
999971
1000128
999813
1000035
1000059
1000669
1000168
999849
1000086
1000006
1000020
1000135
1000185
1000203
999282
1000576
999693
1000474
998737
999925
999937
1000054
999978
1000035
999887
1000110
999972
1000027
999848
1001108
999636
1000051
1000026
999997
999966
1000106
999889
1000017
999943
1000059
1000106
1000653
999402
1000195
999957
1000325
1000101
999575
999850
1000108
1000258
998917
1001418
999789
999458
999871
1000028
999998
1000078
999976
1000046
999986
1000053
999969
999992
1000376
1000063
999591
1000460
998956
999702
1000033
1000056
1001248
1000229
999616
999876
999757
999332
1000016
999835
1000190
999911
999860
1000052
1000136
999941
1000089
999771
1001384
1000392
999334
999828
999797
1000102
999965
1000248
999927
1000132
999732
1000176
1000646
999336
1000169
999922
1000467
998680
999825
1000100
1000017
999816
1000014
1000051
1001510
1000056
999603
999643
1000095
1000003
999891
1000136
1000653
999778
999817
999806
1000471
998635
1000008
999937
1000082
999957
999862
1000017
1000111
1000031
999831
1000055
1001469
999915
999895
999568
1000147
999854
1000009
1000043
1000037
999882
999908
1000053
1000768
999376
1000106
999946
1000499
999615
999073
999877
1000146
999774
1000038
1000050
1001443
1000012
999561
999893
1000281
1000247
999849
1000121
999474
999183
999991
999871
1000978
999989
999928
1000021
1000128
999846
999890
1000038
1000213
999798
1000039
1000065
1000554
999950
999633
999940
1000072
1000345
998686
1000038
1000130
999808
1000011
1000023
1001233
1000189
999636
999845
1000255
1000187
998747
1000053
1000204
999555
1000154
999882
1001152
999848
1000006
999986
999935
999918
999986
1000390
1000383
999614
1000018
999677
1000427
998687
1000097
999988
999936
999959
1000056
1000001
1000052
999829
1000034
1000010
1001423
999997
999413
1000036
1000180
999750
999990
999994
1000106
999881
1000108
1000011
1000610
999462
1000263
999481
1000652
999800
998861
1001376
999599
1000139
999674
999951
1000003
999221
1000002
1000031
1000100
999940
999872
1000024
1001561
999613
999990
999791
1000551
999508
999958
1000084
999745
1000181
999883
999985
1000117
999871
1000189
999808
1000538
999445
999345
999867
1000047
1000001
999976
1000051
999983
999982
1000043
1000006
1001446
999491
1000077
999912
1000370
999600
999924
999874
1000072
999888
1000070
1000089
1000603
999478
1000129
999759
1000550
998674
999972
1000070
1001315
999563
1000069
999917
1000462
998652
999973
999899
1000142
999941
1000036
999857
1000145
999960
999831
1000019
1000913
1000075
999848
1000100
999751
1000236
999964
1000096
999937
999906
1000123
999943
1000671
999525
1000067
999930
1000555
999925
999671
999926
1000279
999464
999284
1000791
999981
1000000
999915
999921
1000072
1000016
1000046
999916
1000043
999311
999839
1000028
1001540
999453
1000191
999734
1000434
998867
999801
1000071
1000031
999984
999863
1000065
1001358
999571
1000133
999776
1000640
999338
999936
1000097
999981
999974
999959
1000040
1000882
999493
999961
999799
1000460
998717
999974
999895
1000093
999951
1000018
1000025
1000719
999938
1000108
999906
1000650
999824
1000031
999617
1000671
999332
999963
999873
999951
999348
999992
1000051
999933
999966
1000048
999992
1001438
999731
999954
1000036
1000408
999868
999346
1000144
999871
999934
999893
1000168
999825
1000109
999877
1000034
1000936
999511
1000085
999632
1000624
998714
999807
1000053
1000175
999786
1000041
1000012
1001519
999621
1000093
1000244
999443
1000047
999631
1000179
1000553
998713
1000029
1000004
1000346
1000995
999325
999990
1000161
999843
999748
1000221
1000924
999494
1000039
999887
999932
999051
1000010
1000025
1000049
999806
999997
1000012
1000090
999965
1000037
1000035
1001591
999923
999628
999954
1000315
999503
999860
999949
1000032
999924
1000001
999994
1000710
999986
999683
999804
1000384
998883
999824
1000042
1000110
999789
999985
1000044
1000978
1000038
999763
999951
1000017
1000259
999660
1000071
1000951
999913
999795
999603
999783
999339
1000007
999855
1000100
999956
999994
1000054
1000043
999966
999881
1000016
1000757
1000156
999975
999906
1000044
999921
1000113
999903
999971
999995
999939
1000036
1000854
1000016
999237
1000373
999775
1000334
998800
1001272
999971
999453
999944
1000172
999746
999456
999829
1000086
1000097
999962
1000049
999848
1001454
999681
1000044
999881
1000477
999384
999890
1000200
999908
999954
999989
1000203
999875
999836
999993
1000169
1000555
999543
1000011
999971
1000259
998786
1000049
1000059
1000005
999945
999859
1000032
1001615
999542
999924
999972
1000138
999004
999811
1000076
1000031
999977
1000040
999838
1000940
999925
1000123
999962
1000055
999928
999908
999881
1000807
999686
1000022
999850
1000658
999517
999988
999830
1000434
998663
999949
999901
1000184
999806
1000046
1000006
1000996
999878
999871
1000018
999905
999989
1000054
1000033
999995
1000015
999930
999960
1000859
999522
1000046
999922
1000293
998778
1000027
999909
1000006
999940
1000045
1001482
1000074
999687
999791
1000468
999355
999986
1000036
999938
1000662
998644
999964
999944
1000910
999913
1000004
999828
1000082
1000032
1000098
999778
1000015
1000047
1000067
999745
1000979
999599
999938
999856
1000160
999031
999810
1000103
1000018
999996
1000023
999859
1001493
999982
999831
999754
1000486
998620
999987
999920
1000157
999805
1000709
999787
1000140
999912
999927
999943
1000030
1000050
1000080
999891
1000523
999602
1000154
999892
1000509
999829
999893
999983
1000020
1000033
999915
999996
999906
1000039
1000031
999900
1001161
999624
999738
999798
1000627
1000066
999254
999947
999807
999721
999990
1000161
999992
999561
999833
1000066
1000155
999765
1000031
1000000
1000140
999952
999995
1000082
1001623
999593
999795
1000237
1000040
1000186
999201
999795
1000619
999567
1000348
999832
1000065
999714
999732
999987
999994
999914
1000134
1000067
1000014
999990
999912
1000005
1001464
999790
999715
1000016
999825
1000578
998264
999833
1000139
999963
999877
1000004
1001112
999880
999941
999930
1000208
999839
999901
1000060
999921
1000058
1000144
999799
1000853
999409
1000255
999655
1000624
1000024
999324
1000306
1000167
999265
999412
999997
1001095
999614
999969
999975
999998
999915
999984
999809
1000666
1000279
998671
1000294
1001221
999521
999985
999852
1000049
999986
1000017
999945
999841
999945
999878
1000141
1000074
999313
1000159
999963
999980
999918
999916
1000143
999862
1000082
1000000
999965
1001405
1000052
999497
1000088
999935
1000824
999486
999885
1000151
999577
1000001
1000406
1000147
999622
999785
999776
1000069
1000170
999763
999964
1000046
1000021
999912
999940
1000224
999247
1000033
999882
1000122
999940
1000017
1000007
1000102
999804
1000024
1000013
1000861
999900
999759
999956
1000127
1000014
1000962
999825
999621
999805
1000073
1000557
1000055
999467
999898
1000448
999579
1000050
999643
1000304
999800
999324
1000028
1000015
1001462
998532
999974
1000083
1000054
999778
1000032
1000019
1000112
999865
1000022
999980
1001092
999883
999992
999745
1000227
999838
1000092
999886
1000013
1000119
999776
1000070
1000847
999558
999999
999866
1000500
1000209
999264
1000005
1000086
1000356
998694
999984
1000987
999881
999948
999869
1000246
999687
1000066
1000109
1000802
999615
1000037
999317
1000429
998905
1000030
1000050
999989
999951
1000035
999995
1000061
999978
999851
1000004
1001015
1000460
999608
999936
999996
999838
999967
999937
1000189
999713
1000132
1000004
1000689
999588
1000321
999587
1000485
998644
1000016
1000017
1000040
999949
1000015
1000036
1001408
999473
1000235
1000213
999964
999697
1000392
999268
1000704
999026
1000112
1000568
1000192
999744
999612
1000174
999842
999970
1000173
999985
999944
999918
1000186
999888
1000155
999305
999857
999833
1000281
999812
1000011
1000064
1000006
999806
1000081
1000025
1001661
999768
999525
999920
1000574
1000038
999850
999998
999668
1000425
999620
999728
999922
999302
1000000
1000029
999974
999971
1000041
1000010
1001316
999479
999907
999951
1000735
999459
1000346
999551
1000433
999773
999588
1000033
1000058
1000085
999886
999934
1000791
999870
998898
999876
1000011
999959
1000015
1000014
1000084
999823
1000024
1000009
1001459
1000302
999424
999904
999889
999946
999906
1000129
999786
1000130
999956
999720
1000940
999747
998888
1000003
1000127
999790
1000012
1000023
1001389
999659
1000188
999823
1000252
999537
999886
999878
1000296
999697
999653
1000071
1000067
999957
1000169
999894
1000098
999434
999976
1000028
1000048
999968
1000003
1000035
999952
1000015
1000001
1000033
1001367
999663
1000139
999807
1000437
999993
999712
999863
1000360
999199
1000217
999949
1000577
999665
1000147
999894
1000573
999119
1000075
999984
1000116
999257
999834
1000060
1000774
999906
1000106
999867
1000129
1000071
999781
1000165
1000464
999838
1000058
999960
1000176
999832
998896
1000013
1000053
999798
999980
1000056
1000139
999969
999832
1000043
1001410
999663
1000081
999789
1000827
999356
999680
1000115
999953
999954
1000015
999988
1000728
999504
1000127
999911
1000201
998825
1000004
999900
1001357
1000017
999797
999908
1000342
999401
999985
999992
1000010
1000123
999874
999981
1000005
1000054
999936
999845
1000646
999171
999567
1000043
1000139
999812
1000016
1000044
1000049
999964
999852
999997
1001511
999609
1000168
999683
1000765
999838
999785
999544
1000654
999406
999909
999932
999968
999292
1000000
1000056
1000130
999806
1000040
1000006
1001487
999671
999967
999833
1000575
999350
999797
1000411
999703
999903
1000048
1000007
1000074
999862
1000086
999858
1000799
999003
999541
1000026
1000081
999940
1000028
999851
1000226
999810
1000008
1000025
1000853
1000125
1000140
1000131
1000029
999580
999899
1000113
1000004
999861
1000064
1000073
1000725
999352
1000169
999634
1000538
998881
999859
1000082
1001350
999849
999900
999662
1000611
999329
1000107
999961
1000035
999822
1000048
999903
1000087
999907
1000141
999812
1000184
999275
1000028
999853
1000191
999810
1000032
1000008
1000162
999777
1000028
999988
1001619
999603
999891
999859
1000586
999764
999971
999663
1000623
999574
999636
999996
999980
999306
999991
1000002
1000091
999794
1000023
1000030
1001499
999700
999985
999923
1000393
999549
999923
999864
999905
999981
1000033
999870
999986
1000171
1000097
999916
1000731
999842
999866
999680
1000193
999027
999985
1000069
999940
999993
999864
1000081
1001334
1000147
999372
1000096
999949
999076
1000013
1000087
999997
999978
999821
1000053
1001544
999618
1000119
999836
1000252
999588
999916
1000006
1000745
999789
999804
999809
1000681
999270
999920
1000377
999615
1000092
999776
1000014
1000018
1000110
999871
1000201
999951
999201
1000009
999887
1000173
999850
999963
1000032
1000145
999826
1000019
1000017
1001638
999508
999993
999682
1000687
999974
999717
999674
1000572
999460
1000027
999782
999911
999502
999832
1000050
1000078
999950
1000056
999824
1001551
999728
999796
999989
1000571
999338
999795
1000013
1000185
1000080
999762
1000120
1000035
999893
1000061
999932
1000792
999712
999917
999788
1000563
998561
999957
1000063
1000014
999893
1000016
999993
1001353
999532
1000207
999817
1000294
999622
999838
1000081
1000123
999783
1000087
1000106
999881
999331
1000159
999731
1000037
999971
1000028
1000025
1001568
999600
999908
999827
1000570
999858
999781
999811
1000558
999201
1000091
999936
1000161
999926
999870
1000072
1000028
999268
1000017
999879
1000118
999963
1000016
999997
1000066
999804
1000000
1000001
1001683
999526
1000070
999976
1000244
999414
1000100
999728
1000058
1000009
1000031
1000039
1000699
999537
1000202
999706
1000467
998682
999969
999922
1001516
999672
999955
999824
1000321
999600
999786
1000092
1000146
1000289
999594
999835
1000118
1000223
999518
1000227
1000196
999088
1000012
1000072
999997
999972
1000008
999962
1000046
1000005
999863
1000045
1001656
999712
999746
999830
1000609
999512
999791
999969
1000013
999950
999985
999987
1000864
999744
999863
999717
1000167
998982
1000070
999956
1000011
999914
1000036
1000097
1001250
1000189
999552
999802
1000461
999472
999879
1000159
1000020
999912
1000188
999632
1000190
999202
999993
999914
1000086
999956
1000038
1000019
1000973
1000652
999091
1000585
999706
999863
999875
999791
999945
1000255
1000014
999845
1000130
999908
1000157
999910
1000131
999158
1000037
999888
1000146
999801
999985
1000049
1000184
999797
1000015
1000038
1001505
999625
1000377
999347
1000319
999812
1000419
999575
999890
1000034
999835
999933
1000044
999363
1000031
999875
1000075
999985
1000016
999846
1001541
999718
1000134
999696
1000465
999367
999823
999995
999959
999473
999852
1000081
1000114
999949
1000189
1000841
1000219
999849
1000294
999599
1000189
999740
1000466
999466
999951
999979
999876
999995
1000736
998667
999827
1000069
1001347
999891
999959
999628
1000535
999476
999825
1000157
999884
999320
1000009
999924
1000142
999812
1000037
999981
1001368
1000128
999426
999833
1000776
999659
1000192
999677
1000420
999320
999936
999988
999763
1000575
999843
999119
1000890
999583
1000007
999884
1000146
999851
1000024
999973
1000614
999764
1000161
999890
999876
999522
999787
999986
1000834
999805
1000021
1000220
1000137
999712
1000555
999323
1001876
999061
999603
999817
999953
1000657
998615
999878
1000970
999936
999891
1000031
1000627
999655
1000075
999652
1000541
998694
1000018
999888
1000798
999784
1000032
1000021
1000504
999780
999847
1000184
999811
1000071
999854
1000027
999966
999977
999985
1000148
1001070
999465
999790
999989
1000338
999911
998738
1000060
999995
999819
1000025
1000018
1001065
999565
999869
1000044
999930
1000015
1000179
999775
1000753
1000981
997890
999996
1001962
999523
999452
1000001
1000082
1000788
999404
999469
1000066
1000123
999885
1000065
1000412
999584
999617
1000274
999722
999949
1000167
999919
1000290
999748
1000076
999998
999885
999772
999718
1000066
1001552
999792
999993
999681
999985
1000651
998416
999838
1001055
999816
999792
1000096
1000020
999988
1000053
1000027
1000062
999806
1000066
999942
1000872
999626
999950
1000034
1000553
999737
998669
999863
1000245
999775
1000051
1000016
1001506
999400
1000274
999669
1000629
999808
1000103
999499
999928
1000001
1000246
999016
1001191
998696
1000037
1000029
1000853
999780
1000000
999981
1000071
999959
999983
999881
1000959
999677
999768
999865
1000444
999567
999204
999921
1000482
999467
999979
1000106
1001312
999761
999919
999852
1000515
999528
999862
1000108
1000058
999823
999875
1000050
1000186
999086
1000022
1000046
1000002
999961
1000060
999860
1000101
999988
1000048
999858
1001783
999496
1000296
999443
1000210
1000477
999158
1000047
999941
999984
999954
1000123
1000690
999943
999669
999794
1000353
998718
1000024
1000041
1001226
999908
999607
999917
999987
999308
999987
1000061
999935
999974
1000043
1000002
999927
999992
1000008
1000025
1000845
1000000
999848
1000187
1000753
999431
1000062
999680
1000003
999739
1000338
1000645
999488
1000719
999067
1000192
999856
999844
999995
1000246
999716
999834
1000257
1000077
1000686
1000088
999454
999890
1000266
1000202
998794
999924
1000329
999513
1000003
1000049
1001086
999743
999902
999948
1000032
1000016
1000073
999998
999906
1000008
999878
1000074
1000763
999804
999778
999837
1000455
999541
999230
1000035
1000027
999809
1000012
1000030
1001575
999574
999877
999927
1000588
999774
998757
999998
999985
999970
1000029
1000034
1001342
999301
1000058
999846
1000293
999831
999862
1000044
1000775
999861
999835
999752
1000527
998745
999806
1000018
1000170
999770
1000049
999996
1000111
999968
1000106
999755
1001180
999719
999831
1000117
1000005
999885
999977
1000025
1001118
999411
1000139
999673
1000518
999921
999757
999860
1000353
999906
999482
999866
1000493
999576
999902
999929
1000844
998741
999800
1000061
999975
999985
999998
1000015
1001264
1000320
999442
999927
1000050
1000005
999865
1000184
999786
1000142
999821
1000193
999993
999766
999958
1000061
1000622
998710
999939
1000065
999990
999970
1000034
1000000
1000030
999816
1000108
999981
1001472
1000012
999119
999915
1000753
1000306
999460
999886
1000008
1000577
999373
999789
1000781
999702
999951
999708
1000590
999230
999996
1000098
1000663
999268
999814
999622
1000646
999912
999884
999981
1000194
999821
999919
1000149
999964
999956
1000040
1000003
1000949
999905
999638
999999
999745
999220
1000033
1000018
1000075
999863
1000006
1000046
1001400
999919
998661
1000035
1000174
999736
1000017
1000018
1001207
999609
1000229
999646
1000757
999399
999974
1000648
999246
999891
999793
999633
1000621
999728
1001010
999622
1000474
999656
1000010
999471
999915
999749
1000011
1000008
999736
999992
999992
1001037
1000155
1000011
999325
999397
1000644
999822
1000004
999960
999944
999625
1000036
1000006
1001315
999826
999487
999648
1000998
999411
1000342
999931
1000163
999128
1000472
999716
1000194
999566
999745
1000065
1000020
1001439
999505
1000053
1000328
999306
1000056
999825
1000361
1000228
999044
999938
999884
999964
1000025
1000572
999812
1000121
1000014
1000982
999888
999733
999951
999894
999596
999510
999859
1000446
1000095
1000027
999923
1000383
1000716
999913
998715
999836
1000751
1000195
999854
1000005
1000569
998720
999952
1000066
1001535
999521
999863
1000000
999874
1000397
999687
1000239
999781
999840
1000522
998709
1000930
999704
999968
999831
1000174
1000034
1000234
1000462
999477
1000086
999042
1001166
999856
999825
1000495
999691
999445
999569
1000992
998989
1001143
1000401
998980
999527
1001415
999674
999843
1000184
999834
999946
999385
999656
1000164
999776
1000844
999910
1000651
999368
1003144
997040
1000097
999775
1000222
999656
999859
999521
999967
1001462
1000033
999652
999796
1000223
999634
1000009
999942
1000006
999524
999756
1000052
999868
1001441
999388
1000176
999948
1000447
1000092
999639
999880
1000077
999964
999043
999874
1001051
1000195
999575
1000068
999994
1000576
998676
1000061
1001208
999887
999834
999895
999761
999369
1000757
1000011
999926
999911
1000014
999919
999462
999939
1000227
1001299
999227
999240
999974
1000078
1000499
1000188
1000007
1000471
1000007
999636
1000227
999932
999926
999150
999990
999863
1000776
1000108
999909
999912
1000214
999715
1000034
1000715
1000025
999685
1000065
999659
999469
999758
1000517
1000443
1000370
999585
1000001
999931
1000140
999089
999961
1000896
999807
1000052
999957
1000051
999871
999339
1000037
1000031
1001220
999554
1000123
999830
1000538
998662
1000028
999880
1000118
1000939
999863
999850
1000754
999762
1000175
999537
1000629
998605
999877
1000049
999944
1000746
999988
1000155
999970
999850
999886
1000060
1000014
999994
999845
1000121
1000687
1000075
999673
999882
1000483
998741
1000248
999831
1000912
998923
999828
1000042
1000096
1001339
999272
1000044
1000709
999640
999971
999670
999361
1000071
1001378
999271
1000272
999950
1000135
999105
1000737
999828
999914
1000033
999971
999247
999994
1000051
1001295
999991
999959
999723
1000122
999674
999243
1000046
999953
1000859
999825
1000152
1000446
999898
999686
999847
999990
999245
1000204
999811
1000021
999974
999995
1000814
999922
999844
1000747
999875
1000271
999881
999718
999724
1000068
999960
999918
1000344
999848
999098
999989
1001330
999712
999776
999804
1000201
999921
999341
999838
1001114
1000260
999807
999850
1000170
1000296
999492
1000026
999717
1000056
999314
999991
1000034
1000713
999972
999342
999955
1001325
1000049
999378
999833
999992
1000207
1000174
999959
999892
999773
1000123
1000036
1000199
1000314
998695
1000052
1000039
999957
1000858
999892
1000092
999863
1000830
999323
1000370
999583
1000256
999581
1000695
999590
1000009
1000255
999101
999629
999999
1000116
1000809
999900
999988
999900
1000122
999950
999898
1000144
1000650
1000104
999437
999882
999878
999365
999885
1000024
1000009
999973
1000000
1000038
999960
999992
999991
1000024
1001338
1000059
999545
999804
1000102
999900
999917
999967
1000052
999976
999913
1000007
1001179
999423
1000178
999503
1000460
998737
1000036
999866
1000182
999825
1000030
1000044
1001294
999617
1000227
1000253
1000023
999488
999742
1000579
998905
1000639
999985
999900
1000180
999192
999847
1000046
1000131
999786
1000024
999999
1000098
1001453
999746
999804
1000016
999867
1000083
999889
1000259
999547
1000049
999986
1000662
1000064
998655
1000001
1001367
999725
999867
999819
1000352
999481
999999
1000200
999802
1000011
1000057
999864
1000111
999361
999811
1000008
1000167
999943
1000061
999826
1000162
999830
1000374
1001245
999556
1000070
999727
1000470
999564
999282
1000710
999485
1000164
1000023
999800
1000395
1000210
999631
1000023
1000019
999915
999946
1000024
999938
1000496
999970
1000008
1000052
999736
999296
999986
1000010
1000021
999951
1000036
999849
1000204
999835
999998
1000013
1001488
999849
999993
999633
999867
1000738
999648
999505
999997
999837
1000269
999976
1000355
999935
999555
1000014
1001435
999284
999786
999751
1000030
1000765
999285
999907
1000106
1000151
999661
999758
1000072
999795
1000330
999899
1000351
999705
1000093
999990
1001337
999252
999729
999846
1000103
1000460
998660
999943
999955
999936
1000012
1000028
1000937
999772
999929
1000001
1000064
999979
999918
999942
1000076
1000047
1000129
999845
1000848
999759
1000092
999595
1000670
999409
999505
999847
1000122
1000165
999916
1000002
1000838
999994
999748
999975
999866
1000530
998611
999859
1001445
999904
999583
999986
999747
999317
1000014
1000064
999996
999962
1000012
1000016
999966
999971
1000005
1000030
1001391
999867
999380
999874
1000668
999941
999542
1000038
1000034
999915
1000290
999777
1000485
1000346
999326
1000230
1000264
999852
999429
999944
999999
1000017
999978
1000034
999939
999334
1000041
1000028
1000106
1001284
999944
998726
1001453
999860
999791
999865
1000045
999669
999967
999862
1000066
1000005
999904
999932
1000115
1000145
999927
999815
1000156
999397
999966
1000086
1000037
999961
999837
1000045
1000029
1000030
1000054
999990
1001284
1000225
999352
1000330
999829
1000336
999505
999985
999766
1000084
999797
1000195
999954
999375
999852
1000074
1000259
999657
999966
1000052
1001447
999864
1000093
999654
1000197
1000070
999493
1000153
1000072
999699
1000035
999972
1000115
999777
1000081
1000053
1000109
999243
999990
1000026
1000093
999747
1000035
1000020
1000683
999875
1000030
1000985
999843
999821
999750
1000610
999004
999494
999845
1000016
1000039
999955
1000018
1000014
1001450
999825
999942
999627
1000641
999362
999993
1000002
1000502
1000013
999336
1000085
1000669
999730
999968
999718
1000600
998799
999771
1000074
1000018
999964
999842
1000025
1001054
999881
999827
999988
1000093
999974
1000027
1000048
999926
1000139
999889
999904
1000702
999748
1000055
999753
1000700
998480
999820
1000044
1000103
999970
1000022
999889
1001379
999880
1000021
999911
1000239
999657
999531
1000308
1000550
1000008
999593
999788
1000621
998781
999780
1000045
1000074
999800
1000032
1000008
1000061
999944
1000058
999979
1000879
999773
1000190
999995
999870
1000026
999862
1000152
1000027
999926
1000008
999956
1000924
999596
1000059
999646
1000717
999836
999591
999709
1000657
998724
999891
1000065
1000845
999772
1000117
999839
1000044
1000059
999902
1000096
1000748
999815
999925
999596
1000600
998768
999886
999856
1000077
999975
1000011
1000027
1000066
999879
999989
1000005
1001433
999742
1000057
999570
1000690
999442
999895
1000050
999878
1000539
1000137
999460
1000482
999826
999461
1000028
1000023
1000030
999976
1000024
1000205
1000071
1005808
993677
1001083
999014
999894
1000022
1000828
998823
1000187
999971
999832
1000068
999840
1000033
1001164
999944
999893
999821
1000014
1000421
999626
999214
1000172
999848
1000263
1000230
1000686
1000226
999379
1000183
999969
1000428
998600
1000088
1001221
999864
999715
999513
1000201
999695
999684
999996
1000065
999824
1000091
999848
1000166
999866
1000053
1000016
1001089
1000348
999570
1000101
999505
1000111
1000664
999457
1000147
999263
1000148
999795
1001002
1000022
1000205
999433
1000040
1000226
999625
999956
999370
999790
1000043
1000868
1000360
1000109
1000129
999351
999852
999343
1000035
1000710
1000208
999709
1000120
999945
1000770
999608
1000144
999751
1000360
998665
1000006
1000047
1000794
999863
1000075
1000056
1000346
999488
999332
1000006
1001214
1000011
998939
999804
1000035
1000698
1000046
999945
1000765
999761
999974
999908
1000222
1000144
999487
999788
1000055
999894
999936
999384
1001378
998665
999829
1001411
999585
999646
1000150
999327
1001596
999874
999538
999020
1000906
999936
999870
1000477
999763
1000371
999769
999779
999752
1000024
1000078
999886
1000136
999198
999988
1000073
1001160
999842
999771
1000731
999435
999172
1000787
999998
999810
999333
999844
1000027
1000745
1000041
1000063
1000032
1000402
1000326
999349
999161
1001008
999858
1000042
999762
1000222
1000274
999256
1000350
1000517
999629
998974
1000864
1000021
999910
1000030
999196
1000072
1001387
999360
1000590
999524
1000418
999271
1000346
999927
999813
1000531
998852
1000028
1000652
1000027
1000009
1000034
999171
999993
1000030
1001401
999414
999797
999980
1000938
999657
999969
999638
1000113
999303
999863
999837
1000942
999870
1000661
998651
1000094
1000442
1000063
1000001
1000661
999987
999866
999594
1000267
999967
1000190
998825
1000090
999795
1000049
1001304
999491
1000165
999727
1000189
1000750
999712
999858
999402
999571
999801
1000004
1000038
1001336
999684
999670
1000412
1000035
1000393
999503
999859
1000050
999108
1000026
999991
1001355
999393
999998
999968
1000731
999464
999066
1000033
1000016
1000770
1000320
999837
1000218
999594
999852
999498
1000461
1000304
999790
999968
1000227
999923
999173
1000015
1000038
999966
1001531
999415
1000444
999935
999695
999722
1000151
999854
999800
1000037
1000429
1000446
998684
999845
1001194
999836
999073
999871
1001453
999589
999909
999727
1000221
999819
1000039
999811
1000375
1000307
1000010
1000091
998799
999909
1000011
999880
1000881
1000715
998975
999962
1000234
999357
1000001
999876
1000101
999965
1001538
999495
1000077
999663
999896
1000320
1000211
1000230
999089
999484
1000145
1000429
999681
999964
1000211
999581
1000019
1000052
1001350
1000079
999542
999894
1000092
999612
1000145
999972
999898
999747
999656
999866
1001641
999787
999478
999812
999963
999856
999731
999871
1000511
999394
1001484
999671
999877
999817
999875
999674
999687
999957
1001218
1000218
999712
999196
999764
1000404
999870
999666
999846
1001358
999270
999799
1000144
999958
1001091
999699
999947
999830
999869
999228
999854
1000050
1000813
1000509
999621
999842
999890
999884
999450
1000022
1000667
1000252
999253
1000165
1000349
999851
999949
999563
1001170
1000243
999533
999962
999722
999395
1000450
1000953
999048
999626
1000094
999789
1000075
999779
1000050
1001356
999590
999844
999871
1000753
999498
1000093
999956
1000240
1000123
998809
999851
1000045
1000798
999842
999953
1000189
1000373
998899
1001317
999777
999797
1000352
998969
999945
1001149
999369
999277
1000052
1000062
999821
1000014
1000040
1000648
1000099
999895
1000057
1000701
999791
999943
999759
1000329
999625
999883
999858
1000110
999891
1000091
999920
1000202
999272
999960
999906
1000236
999764
1000015
1000014
1000063
999959
1000055
999989
1001360
999853
999871
999860
1000367
999544
999782
999969
999836
1000168
1000008
1000015
1000754
999756
999937
999823
1000623
999705
999914
999792
1000339
999792
999045
999847
1000826
999921
999950
999966
999987
999597
1000033
1000403
999725
1000362
999731
1000205
999992
999376
999816
1000060
1000087
999971
1000019
1000024
999928
999969
1000037
999993
1001431
999831
999859
999907
1000465
999990
999580
1000363
999667
1000053
1000108
999699
999789
1000122
999758
1000187
999887
999968
1000086
999409
1000363
999520
999977
1000023
1001308
999724
999861
999553
1000480
999526
1000269
1000150
999991
999714
1000250
999886
1000171
999786
999975
999832
1000087
999980
1000064
999992
999852
1000098
1000087
999800
1000374
1000718
999537
1000460
998703
999810
999859
1000055
1000201
999794
1000007
1000018
1000645
999503
999933
1000161
1000195
1000125
1000096
1000171
1000809
999744
999986
999666
1000303
1000072
999713
999874
1000415
998624
1000021
1000059
1000047
999823
1000016
1000015
1000872
999958
999892
999945
999881
1000493
999504
999971
1000094
999857
1000076
999875
1000542
999753
1000035
999898
1001199
999645
999301
1000373
999629
1000620
999453
999875
1000727
999755
999972
999783
1000590
998518
999846
1000065
1000162
999806
999994
1000030
1000641
1000274
999758
1000154
1000158
1000485
999910
999780
999606
1000758
999196
999957
1000248
999831
999746
1000227
999758
1000332
999577
999951
1000146
999999
1000069
1000176
1000261
999562
999941
1000009
1000188
999357
999861
1000069
1000111
999952
999851
1000030
1001564
999868
999905
999648
1000053
1000557
999123
1000856
999472
1000269
999770
1000364
998963
999704
999998
1000049
999959
999976
1000055
999841
1000124
999940
1000011
1000045
1001254
1000104
999680
999900
1000356
999486
999956
999966
1000036
999940
999781
1000254
1000728
999968
1000007
999644
1000488
999485
999794
1000074
1000004
999895
999885
1000089
1000631
999861
999827
999818
1000387
1000036
998671
1000124
999952
999923
1000094
999874
1001557
999844
999478
999893
999987
999951
999904
999985
1000237
1000414
999974
999773
999734
999303
999974
1000026
999987
999955
1000062
999994
999991
1000015
1000034
999860
1001450
999791
1000230
999662
999789
999836
1000118
999673
999955
1000156
999869
1000027
1000723
1000243
999546
1000221
999824
1000367
998638
999881
1000181
999841
999981
1000035
1000763
999860
999933
999943
1000152
999977
999959
1000013
1000894
999984
999744
999860
1000279
999699
999067
999904
1000084
999982
999855
1000019
1000071
1001695
999135
999828
1000738
1000032
999570
1000033
1000236
999523
999647
999924
1000150
1000150
999878
999878
1000965
999496
999120
1000043
1001205
1000007
999838
999818
1000066
999114
999842
1000048
1001254
999878
999390
1000063
999991
1000004
999881
1000314
999833
999382
1000028
1000023
1001366
999866
1000244
999432
1000615
998581
999918
999863
1000756
999904
1000661
999829
999794
999782
999925
999865
1000121
999988
999936
999984
1000021
1000107
999893
1000402
1000761
999518
1000131
999667
999987
999011
1000049
1000012
1000078
999821
1000011
1000010
1001318
1000170
998627
1000029
999927
999990
999989
1000037
1001435
999803
1000032
999814
1000293
999078
999823
999938
1000063
999927
1000210
999978
999888
999857
1000154
999862
1001054
999676
999182
999893
1000063
999929
1000031
1000057
999991
999962
1000029
999888
1001354
1000015
999876
999654
1000560
999925
999824
999751
1000355
999056
999953
1000142
1000108
999793
1000021
1000030
1000085
999929
999931
999869
1000340
999547
999883
1000026
1001400
999991
999676
999846
1000324
999060
999751
1000023
999970
999962
1000014
1000004
1001255
999952
1000017
999651
1000483
999301
999701
1000025
1000067
999984
999961
999941
1001028
999937
999918
999664
1000295
998922
999865
1000039
1000127
999774
1000026
1000030
1001345
999960
999944
999816
1000092
999434
999758
1000061
1000145
999518
1000020
1000016
1000404
999967
999974
1000220
999707
1000226
1000024
999825
1000095
999774
1000325
1000141
1000603
1000061
999935
999704
1000633
999310
999096
1000011
999967
999943
1000025
1000061
1001342
999917
999835
999723
1000561
999838
999878
999677
1000115
999060
999988
1000048
1000471
1000037
999919
1000004
999968
999980
999989
1000164
999998
999346
1000066
1000029
1001205
1000077
999815
999836
1000593
998501
999946
1000101
1000023
1000238
1000138
999988
1000880
1000008
999790
999834
1000412
999206
1000470
999859
999775
1000021
1000180
999798
999956
999425
999964
999843
1001477
999808
999949
999622
1000590
999641
999002
1000037
1000873
999772
1000013
999896
1000006
1000337
999615
1000253
1000539
999947
999802
999899
1000195
998896
999969
999881
1000098
999978
999988
1000022
1000066
999808
1000009
1000017
1001361
1000034
999929
999605
1000551
999339
999997
1000020
999895
999956
999966
1000026
1000759
999833
1000014
999793
1000216
998868
999980
1000034
999938
999986
1000004
1000023
1001277
999884
999754
999952
1000346
999654
999655
999851
1000062
999643
1000351
1000197
1000679
999803
1000007
999718
1000129
999022
999853
1000069
1000033
999948
1000035
1000021
1000785
999900
1000141
1000066
999911
999818
1000111
1000016
999859
1000012
1000033
1000145
1000692
999852
999760
999896
1000300
998823
999817
1000049
1000107
999997
999843
1000006
1001410
999841
1000025
999701
1000453
999749
1000040
999750
1000564
999926
999310
1000112
999760
999508
999858
1000015
1000103
999946
1000050
999859
1000122
999977
999999
1000028
1000909
999825
999955
1000043
999960
1000028
999848
1000041
999968
999975
1000070
1000026
1000770
999919
999825
999793
1000521
999778
1000071
999527
1000295
998865
999960
1000071
1001223
999999
999950
999673
1000324
999588
999855
1000018
1000099
999299
999845
1000013
1000603
1000089
1000010
1000089
1000037
1000119
999796
999981
1000010
999992
1000141
999820
1000690
999948
999987
999630
1000455
998664
1000312
999621
1000124
999926
1000032
999829
1001604
999810
999921
999782
1000043
999076
999798
1000108
1000090
999821
1000057
1000013
1001457
999882
999658
999827
1000531
999486
999834
1000021
1000697
999931
999762
999824
1000316
999728
999597
1000006
1000026
1000049
999979
1000032
999764
1000191
1000237
999684
1000353
999125
1000153
999894
999992
999947
1000019
1000015
1000040
999955
1000028
1000015
1001429
999742
999758
999876
1000431
999957
999758
999883
1000235
999797
999871
999791
999955
999451
999981
1000052
1000114
999845
1000033
1000037
1001147
1000067
999789
999769
1000438
999544
999692
999981
1000224
999757
999973
1000252
999741
1000046
1000255
999995
1000730
999825
999851
999745
1000210
998950
1000012
999883
1000064
999961
1001486
999658
1000257
999534
999089
1000040
1000296
1000761
1000530
999161
999904
999970
999916
999953
1000748
999802
999005
999915
1000083
999914
1000020
1000017
1001246
1000013
999864
999675
1000359
999617
999742
1000031
999903
1000292
999991
1000079
999945
999888
999984
1000043
1000631
999674
999118
999869
1000153
999747
1000059
1000021
1000169
999777
1000018
1000006
1001521
999963
999666
999809
1000689
999882
999718
999700
1000346
999467
999900
1000209
1000491
999950
999918
999884
999821
999089
1000000
1000013
1001281
1000088
999428
999698
1000351
999950
999817
1000172
1000025
999919
1000013
999968
999973
1000016
1000166
999818
1000229
999254
999849
1000045
1000075
999937
1000034
999846
1000166
999941
1000027
999869
1001469
999915
1000145
999481
1000469
1000196
999559
999818
1000513
998640
999870
1002889
998002
999865
1000007
999974
1000184
1000359
998876
999877
1000117
999788
1000098
999955
1000631
1000238
999640
999924
1000198
1000032
1000325
999558
999891
1000031
999968
1000034
1001174
999784
999279
1000444
999832
1000494
1000013
999211
999968
999843
999950
999908
1000960
1000001
999992
999652
999932
1000625
998512
1000050
1000073
999914
1000105
999725
1001326
1000190
999924
999629
1000224
1000348
998996
1000199
1000104
999891
1000297
999963
1000334
1000227
999662
999828
1000102
1000395
998778
999809
1000234
999844
999945
999939
1000697
999572
1000350
999880
1000280
999689
999986
999952
1000122
999841
1000340
999854
1000456
999882
999599
1000297
999980
999965
1000996
998841
1000582
999502
1000674
999745
999404
1000360
999795
999875
1000312
999844
1000047
999890
1000089
999868
1000028
1000020
1000789
999913
999846
999588
1000476
998818
999850
1000087
1000821
999718
999945
999909
1000168
999383
1000003
1000011
1000036
999971
1000020
1000008
999977
999963
1000022
1000007
1001753
999760
999356
1000129
999926
1000928
998961
1000037
999925
999705
999982
1000151
1001374
999440
999607
999913
999974
1000781
999171
1000074
999825
1000085
999913
999999
1000794
999733
999671
999893
1000537
1000009
999241
999914
1000280
999130
999987
1000032
1001586
999672
999734
999857
1000297
1000045
999526
999919
999905
999930
999943
999999
1000876
1000126
999368
999965
999995
999964
1000023
999954
999972
1000055
999961
999402
1001221
999947
999761
999870
1000608
999669
998969
999895
1000069
999926
999905
1000022
1000860
999973
999800
1000011
1000030
999921
1000025
999953
1000831
1000119
999322
999975
1000762
999744
999724
999886
1000194
999732
999228
1000020
1000011
999946
1000008
999852
1001398
1000154
999569
1000045
999789
999936
1000167
999704
1000163
999972
1000053
999974
1000793
999697
999708
999897
1000695
999634
999016
1000324
1000059
1000880
998600
999891
1001189
999583
1000072
999813
1000171
999906
999884
1000110
1000593
1000208
999644
999859
999732
999282
999929
1000043
1000001
999973
1000008
1000015
1000069
999841
999997
1000038
1001334
1000308
999306
999843
999954
999892
1000130
999985
999942
1000084
1000032
999844
1000738
999841
1000171
999781
1000310
999800
998914
999802
1000088
999925
1000026
1000026
1001296
1000101
999630
999858
1000040
1000385
999456
999992
999838
999418
1000021
999879
1001156
999981
999579
1000102
999544
999883
1000170
1000067
1000175
1000121
1000094
999875
1000252
999083
999941
1000049
999964
999950
1000027
1000047
999951
999974
1000007
1000037
1001418
999845
999831
999876
1000478
1000081
999668
999882
1000048
1000413
999384
999596
1001102
999713
999630
999848
1000209
999021
1000032
1000024
1000004
999925
1000001
1000032
1001147
1000149
999121
999807
1000283
1000169
999929
1000117
999890
999955
1000137
1000042
1000408
1000302
999574
999783
1000814
999442
999091
999865
1000035
999816
1000031
1000027
1000736
1000800
999285
1000236
999877
1000672
1000131
999014
999907
999827
1000970
1007146
992747
1000002
999368
1000034
1000058
1000044
999899
999991
1000070
999278
1000068
999877
1000860
1000217
1000259
998891
999948
999802
1000055
999978
1000172
999818
1000088
999902
1001398
1000186
999281
1000162
999976
999679
1000068
1000000
999936
1000249
999603
1000155
1000328
1000076
999800
1000498
999695
998964
1000001
999968
1000107
999849
999947
1000026
1001468
999878
999896
999675
1000348
999552
1000041
999850
1000735
999952
999563
999842
1000860
999699
999782
999843
999586
999529
999842
1000861
1000032
1000676
999698
998972
1000780
1000488
999294
999980
999499
999799
1000026
1000725
999781
1000106
1000129
999501
1001267
999804
999671
999847
999984
999166
1000003
1000040
999943
1001349
1000106
999131
1000102
999372
1000043
999887
1000570
999919
1000210
1000153
1000601
1000107
999324
1000352
999601
999446
999719
1000004
1000034
999968
1000686
1000288
999275
1000432
1001006
999097
999948
999309
1000850
999882
1000052
1000001
999882
999383
1000036
999797
1000059
1001420
999805
1000012
999711
1000415
999594
999811
1000067
1000512
998794
999936
1000033
999854
1001088
999764
1000156
1000397
999979
999840
999811
1000052
1000245
999771
999730
999963
1000075
999199
999976
1000058
1000040
1001389
999527
999999
999594
999863
1000108
1000094
1000904
1000031
999492
999822
999789
999395
1000090
1001083
998831
1001223
998872
1000703
999863
999299
999865
1000020
1000971
999976
999860
999981
999957
1000109
999980
1000054
1000491
1000303
999492
999876
1000223
999912
999015
999822
1001228
1000021
998859
1000048
1000641
1000096
999907
1000099
999862
1000049
1000195
999749
1000000
999986
999964
999954
1000787
1000068
999690
999870
1000437
999736
998831
1000030
999981
999961
1000018
1000054
1001241
1000140
999759
999693
1000508
998741
999800
1000096
1000135
999815
999989
1000025
1000440
1000331
1000026
999995
1000026
999992
999989
1000025
1000573
1000076
999720
999707
1000570
999952
999676
999923
1000624
999571
998799
1000012
1000074
999925
1000013
1000033
1000918
999782
999935
1000152
999830
1000009
1000112
999803
999848
1000328
999847
1000141
1000689
999888
999754
999821
1000394
999104
999580
1000069
999954
999943
1000048
1000032
1001214
999961
999742
999980
1000472
999245
1000654
999869
999900
999680
1000651
998655
1000664
1000172
999968
999906
999818
1000023
1000365
999686
999988
1000053
1000029
1000059
1000055
999095
1000074
999994
1000091
999915
999877
1000017
1000175
999876
999995
1000026
1001553
999759
999890
999764
1000521
1000050
999674
999748
1000467
999216
1000127
999899
1000098
999259
1000062
999825
1000121
999939
1000025
1000025
1001266
999884
999963
999909
1000346
999314
999697
1000430
999948
1000017
999875
1000286
999732
999977
1000000
1000004
1000729
999978
999677
999941
1000462
998730
999846
1000025
1000100
999756
1000078
1000033
1001279
999909
999916
999904
1000342
1000140
999406
999708
1000212
999944
1000133
999788
1000689
999964
999798
999904
1000422
998579
1000024
999903
1001225
1000146
1000087
999741
1000205
999806
998899
999981
1000032
999824
1000031
999987
1000045
999979
1000038
999984
1000751
1000177
999798
999903
1000112
999889
1000073
1000058
1000080
1000011
999791
999928
1000356
999884
1000633
1000059
999665
999934
1000115
1000125
998816
999887
1000010
1000022
1000566
1000114
1000102
999631
1000052
1000348
999669
1000183
1000670
999967
999736
999861
1000353
999811
999024
999846
1000057
999987
999849
1000028
1000111
999998
1000023
1000016
1001043
1000220
999769
999955
1000383
1000001
999249
1000049
1000043
1000033
999843
999907
1000790
1000044
999785
999854
1000407
999445
999728
1000024
1000128
1000034
999950
999894
999958
999352
1000014
1000027
999992
999958
1000027
1000014
1001154
1000297
999667
999889
1000415
999916
1000054
999921
999903
999804
1000335
998701
1000022
999946
1000013
999919
1000976
999808
999885
1000114
999970
1000046
999832
1000241
999800
999996
999997
999981
1000780
1000247
999626
999757
999989
999088
999884
1000072
1000094
999796
1000018
1000007
1001356
1000168
999321
1000053
999855
1000052
999966
999881
1000712
1000215
999529
999789
999910
999349
999839
1000076
1000068
999948
999848
1000021
1000131
999967
1000011
999983
1001472
999975
999275
1000144
999807
1000021
1000280
999884
999786
999993
1000081
999964
1000778
999777
999987
999824
1000287
999654
999142
999868
1000116
999833
1000004
1000027
1001182
1000164
999744
999835
1000468
999366
999883
1000174
1000632
999956
999743
999977
999983
999019
1001151
999388
1000194
999464
1000067
1000270
1000084
1000204
999732
1000022
1000208
999210
999828
1000034
1000071
999933
1000021
1000027
1000115
999817
999998
999999
1001428
999817
999781
999962
1000603
999253
999996
999857
1000066
1000072
1000759
999442
1000232
999884
999579
999711
1000228
999853
999772
1000488
999946
999941
999830
1000351
1000241
999583
999938
1000155
999866
999936
999998
1000014
1000116
999964
999950
1000103
1000410
1000892
998943
999965
999803
999947
1000044
999971
1000067
999860
1000127
1000104
1001024
999599
998857
999803
1000051
999828
1000001
1000053
1000042
999921
1000034
1000098
1001236
999918
999729
999940
1000034
1000627
999187
1000401
1000225
1000611
998801
999854
1004941
995202
1000003
999877
999879
1000221
1000056
999871
1000933
999953
999131
999364
1001303
1000061
999270
999881
999888
1000096
999853
999989
1000156
1000026
999973
1000063
1000153
999286
999858
1000038
1000008
999945
1000017
1000026
1000047
999983
1000030
1000012
1001898
999521
999734
999701
1000424
1000271
999316
999885
999711
1000103
999982
999873
1000499
1000582
999355
1000235
999819
1000443
999448
999773
1000075
999259
999986
1000070
1000696
999829
1000058
999965
999989
999911
1000117
1000029
999917
999956
1000110
999983
1001025
999979
999259
999841
999941
999890
999953
1000097
1000307
1000327
999807
1000204
1000176
999732
998964
1000066
1000017
999828
1000029
1000018
1000041
999818
1000017
1000002
1001379
999945
1000018
999703
1000411
1000103
999700
999867
1000209
999433
999890
1000080
1000753
999791
999260
1000302
999990
999852
999998
999891
1000278
999750
999973
999971
1000418
999166
1000001
999886
1000177
999809
1000019
1000061
1000134
999799
1000069
999981
1001358
1000017
999950
999676
1000478
999972
999700
999722
1000620
999287
999910
1000049
1000815
999743
1000141
999502
1000118
998966
1000079
999870
1000594
1000245
1000255
999573
1000046
999394
999946
1000026
1000019
999953
1000008
1000016
999989
999967
1000007
999990
1001356
1000075
999716
999794
1000345
999620
999968
999885
999993
999956
1000132
999760
1000686
999971
999805
999834
1000508
999358
999912
1000223
999722
999961
1000095
1000026
1000725
999906
999885
999729
1000239
998945
999803
1000051
1000931
1000529
999718
999953
1000150
998936
999838
1000049
1000044
999811
1000008
1000928
999775
1000137
999933
999778
1000795
1000335
999530
999934
1000206
998830
999866
1000060
1000058
999817
999980
1000032
1000537
1000483
999857
999793
1000749
1000023
999812
999860
1000289
999221
1000168
999954
1000050
999287
999967
1000045
1000041
1000004
999840
1000017
1001542
1000242
999464
999717
1000388
999341
999715
1000386
1000116
999991
999859
1000072
1000008
1000035
999739
1000085
1000791
1000107
999728
999711
1000395
998758
1000477
1000021
999435
999942
1000030
1000026
1001140
1000109
999892
999632
1000434
999481
999931
1000061
1000121
999748
1000059
1000017
1000081
999292
999949
1000068
999945
999984
999997
1000017
1001156
1000430
999449
999856
1000486
1000063
999816
999577
1000305
999746
999799
1000073
1000057
999899
999961
1000565
999192
999566
1000037
1000034
1000078
999818
999995
1000065
1000189
999694
1000002
1000048
1001274
1000072
999944
999647
1000280
999650
999889
999969
1000088
999908
1000118
999866
1000569
1000202
999789
999713
1000507
999556
999744
999985
1000650
1000025
999691
999882
1000086
999043
999849
1000020
1000070
999969
999995
1000029
1000061
999800
1000021
1000046
1001565
999823
999245
1000074
1000886
999884
999900
1000019
999699
999534
999947
1000314
1000667
999892
999402
999962
999927
999930
999942
1000025
1000131
999905
1000079
1000024
999906
999444
999798
1000053
1001339
1000154
999571
1000084
1000314
999660
998951
1000045
1000164
999767
999980
1000020
1000101
999955
999888
999996
1000075
999959
1000010
1000020
1001243
1000036
1000022
1000231
999148
1000073
1000779
999935
999333
1000020
999816
1000079
1000607
1005271
994044
999888
1000105
1000807
999552
1000236
1000333
999838
999383
1000040
1000205
1000316
998666
1000141
999904
999957
999999
1000034
1000021
999987
999886
1000023
1000735
1000234
999770
1000203
999733
1000027
1000001
1000260
1000431
1000172
999413
1000265
1000211
1000144
999372
999721
1000054
999299
1000012
1000079
999934
999969
1000021
999992
1000800
999925
999928
999966
1000009
999962
1000048
1000165
1000561
1000318
999043
1000552
999880
1000336
998627
999866
1000097
999915
1000048
1000271
1000482
999885
1000081
1000065
1000636
1000072
999538
999705
1000704
999354
999966
999940
999980
1000083
999828
1000048
999587
999750
1001491
999545
999891
999348
999666
1001197
998974
1000756
1000345
999767
999705
999359
999850
1001394
999352
999976
999966
1000023
1000467
1000460
999373
1000000
999945
999896
999991
999730
1000048
999365
1000007
1000022
1000165
1001350
999517
999722
1000209
999320
999733
1000057
1000006
999977
1001481
999305
1000078
1000584
999802
999935
999945
999918
999676
999253
1000836
1000541
999732
999023
1000001
999804
1000812
1000036
1000050
1000019
999635
1000192
999349
999945
1000009
1001609
999929
999855
999397
1000010
1000466
999691
1000292
999347
1000219
999920
999957
999963
1000202
999319
999870
1000063
1001114
1000360
999637
999691
1000417
998748
999995
1000044
1000039
999830
1000041
1000023
1000931
999741
1000845
999279
1000283
1000319
999689
999871
999945
999816
1000723
999528
999940
999149
1000630
1000689
999453
999807
999413
1000766
999971
999997
999830
1000186
1000326
998853
1001536
999381
1000108
999063
999986
999908
1000997
999642
1000458
1000237
999895
998785
1000765
999978
999775
999552
999977
1000831
999883
999909
999967
999323
1001330
999987
999782
999723
1000492
999683
999930
1000009
999305
999752
1000028
1000051
1000931
1000488
999462
999864
1000493
998896
999833
1000055
1000849
999944
999894
999839
1000996
999856
999712
999870
1000317
999366
1000200
999985
999814
999824
1000025
999531
1001014
999682
999326
999944
1000035
999948
1000539
1000920
999563
1000068
1000173
999846
999758
999894
999861
1000511
1000184
1000227
999177
999990
999415
999792
999989
1000057
1000841
999920
999986
1000658
999573
1000081
999956
1000515
999320
999425
999749
1000010
1000840
999856
999861
999997
1000264
999864
1000044
999288
1000107
1000863
1000706
999467
1000212
999958
999428
1000034
999904
999917
1000338
1000421
998721
999974
1001141
998863
1000826
999752
999989
1000033
1000574
999990
1000026
999438
999452
999813
999997
1000038
1001013
999790
1000049
999947
1000010
1000589
999568
999794
999977
999346
999955
1000055
1001001
1000133
1000227
999437
1000540
999279
1000050
1000116
999828
999277
999973
1000785
1000455
1000343
999969
999331
999957
999578
999685
1000556
1000258
1000166
1000451
999390
999867
999375
999824
1001349
999569
999135
1000011
1000831
999837
1000030
1000092
999920
1000227
999084
999991
1000647
1000059
1000331
999845
1000232
999825
999778
1000057
999879
1000048
999440
999895
1000038
1001210
999584
1000234
1000045
1000168
999749
999598
1000017
1000266
999216
999911
999897
1000167
999800
1000842
999754
1000173
1000061
1000644
999893
999995
999788
998884
1001038
1000278
998681
1000651
1000141
999949
999933
999956
1000443
999998
999016
999968
1001384
999577
1000216
999669
999969
1000240
999758
999914
999788
1000868
999806
998742
1000026
1001183
999575
999926
1000040
1000040
999907
999413
999891
1001151
1000454
999326
1000320
999666
1000328
999642
999955
999808
1000022
999309
1000052
1001319
999785
999537
1000070
1000571
1000229
999607
999813
999990
999089
999995
1000033
1000804
999852
1000017
999984
999990
999917
1000095
1000117
1000569
999862
998778
1001349
999356
999783
1000755
999722
1000016
998945
999995
1000073
999968
1000006
1000047
1000007
1001267
1000079
999363
1000030
1000043
999706
1000075
999969
1000320
999796
999887
1000063
1000738
999971
999644
999832
1000333
999665
999242
1000015
1000102
999764
1000061
1000030
1001324
1000058
999752
999672
1000530
999709
999557
1000068
1000600
1000023
999791
999950
1000062
998926
999965
1000035
999962
999979
1000009
1000021
1000088
999811
1000044
1000024
1001000
999738
1000065
999817
1000230
1000722
999636
1000215
999333
1000364
999652
999737
1000407
999713
1000278
999705
1000165
999669
1000072
1000198
999840
1000073
999809
1000402
1000142
1000950
999099
1000659
999429
999617
1000134
999736
1000147
999937
1000033
999997
1000645
1000157
999436
1000409
999425
999794
1000148
999935
999925
1000009
1000028
999879
1000292
999260
999915
1000011
1000894
1000400
999962
1000263
999347
999930
999877
999865
1000060
999381
999965
999991
1000141
999937
1000089
999851
1001357
1000021
999800
999850
1000350
1000138
999546
999527
1000081
999835
1000042
1000301
999695
1000015
1000300
999791
1000791
999460
999995
1000029
999947
999891
1000002
999957
1000032
1000117
1000144
999787
1000637
1000545
998212
999892
1001305
1000151
999523
1000111
999857
1000417
998673
999996
1000104
999895
999841
1000057
1000097
999974
1000007
999915
1001436
999858
999840
999830
1000082
1000548
999138
1000074
1000265
999538
1000101
1000105
999946
999951
999995
1000005
1000519
1000277
998619
999898
1000207
999776
1000034
1001367
999761
1000001
999827
1000419
999686
999767
999795
1000071
1000074
999336
999956
999881
1000074
999964
1000054
999978
1001263
1000271
999401
1000122
1000440
999345
999826
1000053
1000561
1000024
999861
999745
1000516
999340
999999
999969
999799
999952
1000335
999867
1000012
1000171
999721
1000045
1000251
999265
999838
1000022
1000106
999810
999999
1000048
999975
999967
999994
1000066
1001384
1000077
999795
999733
1000369
1000074
999667
999795
1000525
999489
999882
1000037
999855
999326
999994
1000048
1001116
999425
1000053
999879
999989
999941
1001120
999248
1000471
1000141
999390
999877
1000004
999925
1000134
999867
1000249
999761
1000076
999947
1000102
999823
999461
1000093
1000035
999782
1000009
1000049
1000109
999806
1000077
1001197
999733
1000563
999752
999956
1000219
999961
999993
998715
1000003
999963
999863
1000039
1000916
999992
999803
1000049
1000021
1000051
999861
1000056
1000636
1000177
999637
999735
999815
999264
1000027
1000044
1000061
999834
1000020
1000016
1000051
999978
1000055
999826
1001507
999914
999563
999738
1000131
999855
1000006
999945
1000313
999938
999872
999929
1000978
999925
999713
999682
1000345
1000313
998547
999982
999997
999961
1000046
999838
1000979
999783
1000058
999911
999998
999978
999955
1000222
999852
999950
1000151
999910
1000671
1000084
999687
999824
1000351
998796
999871
1000029
1000141
999928
999887
1000033
1001295
1000102
999708
999947
1000346
999401
999927
1000056
999980
999961
1000056
999820
1000733
1000115
999667
1000287
999531
999257
1000394
1000802
999241
999338
999998
1000033
1001264
1000334
999092
1000045
1000235
999895
999794
999960
1000676
1000277
999265
1000406
999523
999341
1000019
999878
1000107
999963
1000011
999880
1003761
996292
1000023
1000032
1001289
1000110
999451
999914
1000091
999750
1000043
1000036
1000094
999960
999869
999942
1000747
1000257
999151
1000379
1000217
1000069
998693
999843
1000162
1000681
999996
999995
999965
999228
999976
1000044
1000019
999974
1000013
1000010
1001096
1000388
999433
999907
999975
1000027
1000239
1000048
999988
999797
1000089
1000398
998759
999917
999993
1000728
1000721
999879
999675
999882
999943
1000090
999774
999920
1000205
999118
1000027
1000929
1000152
999660
999951
999976
1000068
999227
1000022
1001228
999951
999624
1000005
999931
1000028
1000556
999566
1000440
999522
999918
999341
999872
1001151
1000247
999572
999712
999991
999519
999865
999888
1000068
999962
1000442
1000269
999973
1000179
1000522
1000146
999635
999722
1000209
999899
1000103
999012
999867
1000856
1000040
999797
1000055
1000608
999056
999714
999822
1000327
1000478
1000033
999979
1000778
999602
1000083
999719
1000398
999415
999349
1000026
999872
1000831
1000089
999961
999935
1000019
1000723
999301
1000404
999626
1000409
999000
999819
999977
1000001
1000031
1000850
999625
1000186
999965
999925
1000526
1000288
999446
999682
999510
1000301
1000404
999814
1000697
999832
999694
999273
1000666
1000219
1000326
999724
999981
999250
999739
1000812
999936
999547
999684
1000791
999947
1000062
999954
1000789
999258
999299
1000629
1000382
999848
999844
1000019
999325
1000642
999972
1000342
1000059
998948
999962
999834
1001514
999541
999841
1000079
1000045
999986
999181
999883
1000002
1001393
999493
1000192
999869
1000273
999599
999906
1000119
999903
999388
999879
1000072
1001294
999726
999728
999980
1000284
999018
1000019
999827
1001322
1000091
999592
999862
999973
1000277
1000001
999829
1000453
999835
999094
999750
1000572
1000170
1000122
999947
999797
1000308
999894
999196
1000153
999807
1001404
999392
1000490
1000174
999806
999618
999412
999771
1000038
1000809
999792
999976
1000470
1000173
999304
1000142
1000184
1000151
1000112
998859
1000048
1000531
1000256
1000065
1000544
999315
1000529
998768
1000024
1000322
1000244
1000046
999936
999976
1000122
999417
999785
1000075
1001186
1000325
999555
999725
1000499
999217
999552
999963
1000079
1000463
1000167
1000096
1000440
1000353
999163
1000329
999967
998922
1000000
1000071
1000012
999821
1000801
1000028
1000065
1000002
999887
1000017
1000509
1000322
999549
999851
1000339
998740
999935
1000597
1000353
999875
999839
999965
1000197
999839
999932
1000029
1000153
999262
999988
999998
1001178
1000390
999610
999714
999543
999616
999976
1000043
1000010
999839
1000007
1000028
1000855
1000578
999948
999522
999896
999977
999985
1000726
999347
1000608
1000152
999282
999952
999219
1001006
1000161
999352
999523
1000630
999847
1000039
1000052
999834
999707
1001064
999913
1000088
999960
999919
999849
999877
999809
1000197
999275
999815
1000791
1000594
1000227
999233
999656
999585
999978
1000008
1000032
1000680
1000113
999862
1000638
999974
999751
999861
1000369
999544
999256
999969
999866
1000590
1000173
1000026
999931
1000635
999899
998932
999876
1001242
1000309
999788
999514
1000465
999536
999834
1000165
999788
999530
999915
999817
1000218
1001190
999571
999853
1000531
1000170
999799
999651
1000382
999518
1000015
999221
1000106
999831
999998
1000695
1000027
999964
1000088
1000941
999246
999185
1000013
999885
1000893
999841
999961
1000398
1000028
999973
1000241
999476
999955
999285
999952
1000052
1000693
999923
1000032
1000049
1000040
999947
999890
1000121
1000510
1000287
999862
999894
998797
999973
999862
1000018
1000738
1000120
1000505
1000049
999414
1000084
999857
999990
1000084
1000179
999656
1000081
999910
1000206
999923
999830
1000137
999252
1000029
1000071
1000002
999965
999998
1000069
999928
999965
1000014
1000017
1001442
999941
999717
999786
1000447
1000320
999377
999993
1000335
999457
999924
1000069
999787
999442
1000004
999912
1000046
999963
1000061
999987
1001149
1000156
999748
999760
1000490
999702
999700
999871
1000073
1000015
999875
999960
1000183
1000795
999682
1000240
999572
1000172
999031
999934
1000020
999791
1000058
1000039
1000057
999811
1000012
1000020
1001353
1000073
999564
999802
1000428
1000335
999750
999671
1000598
999270
999821
1000088
1000748
999998
999350
999880
1000108
1000013
999865
999956
1000074
999324
1000028
1000056
1001207
1000121
999707
999897
1000072
999027
999834
1000069
1000011
999974
1000033
1000036
1001049
1000251
999362
1000127
999819
999981
1000178
1000521
999613
1000295
999643
1000624
998925
1000628
999657
999858
1000212
1000211
999528
1000007
1000216
999893
999850
1000049
1000671
998796
999976
1000009
1000105
999868
999962
1000025
1000068
1000217
999798
999933
1000842
999769
1000272
999623
1000310
999954
1000203
999709
999890
1000096
999914
999949
1001027
999732
999447
1000277
999831
1000813
999205
999734
1000089
999939
999840
1000089
1001257
999742
999424
1000142
999955
1000442
999303
1000064
999860
1000026
999929
999963
1000421
999692
1000081
999755
999844
1000001
1000065
1000071
999927
999933
1000095
1000011
1000352
999150
1000032
999945
1001541
1000079
999066
1000455
1000136
999782
998942
1000056
1000609
1000003
1000035
999972
1000080
999905
999886
1000025
1000020
1000020
999967
1000031
1000687
999897
998916
999863
1000053
999986
999815
1000066
1000107
999972
1000015
1000029
1001260
1000121
999711
999967
1000343
999875
999276
999949
1000029
1000901
999457
1000239
1000153
1000049
999797
1000016
999554
999311
999981
1000024
1000025
999934
1000013
1000012
1001260
999996
999533
999982
999862
999945
1000034
1000114
1000337
1000375
999655
999815
1000426
999855
998779
1000012
1000103
999842
1000001
999996
1000136
999809
1000004
1000015
1000897
1000003
999824
1000072
1000014
999982
999990
999961
1000067
999907
1000024
999975
1000695
1000156
999498
999888
1000464
999858
998879
999897
1000325
999630
1000036
1000018
1001382
999467
999834
999958
1000022
1000143
999862
999896
1000344
999850
1000293
999813
1000325
998837
999995
1000068
1000043
999808
1000030
1000005
1000143
999809
1000885
999864
1000875
999903
999739
1000017
1000018
999662
999892
999855
1000107
999942
999974
1000013
1000802
1000069
999499
1000089
999991
998902
1000020
1000031
999927
999959
1000035
1000044
1000524
1000177
1000001
999878
1000212
999870
1000048
1000014
1000364
1000470
999690
999619
1000390
999564
999284
999839
1000143
999792
1000060
1000011
1000073
999954
1000051
999877
1001264
1000234
999421
1000026
1000363
999598
999927
999910
999921
999976
1000041
1000029
1000819
999994
999659
999961
1000559
999901
999737
999609
1000145
999826
999868
1000090
1000445
999953
998798
1000044
1000040
999910
1000052
1000016
1000379
1000317
999827
1000149
1000660
1000081
999745
999783
1000002
999079
999949
999884
1000087
999956
1000011
1000009
1000747
1000177
999825
999853
1000003
999956
999936
1000066
1000434
999681
999958
1000161
1000588
999896
999904
999894
1000171
1000132
999639
999866
1000228
998920
999967
1000037
1000197
999708
1000010
1000074
1000078
999809
1000013
1000017
1000937
1000579
999668
999947
1000207
999502
1000046
999802
1000017
1000016
999977
1000038
1000118
999795
1000071
1000419
1000294
1000070
999149
1000067
999898
1001002
999728
999548
1000021
999195
999820
1000095
1001460
999916
999125
999985
1001075
999915
999403
1000065
1000026
1000402
998725
1000015
1000789
999949
999794
1000041
1000003
999886
1000137
999949
1000435
998899
1000012
1001423
999592
1000005
999822
1000458
998996
999802
999867
1000384
1000365
999983
999941
1000033
1000594
999920
998868
1000043
1000692
1000670
999603
999901
1000038
999693
999879
1000078
1000934
999587
998877
999970
1000107
1001030
1000086
999573
999953
999266
1001370
998686
1000736
999916
1000816
999375
1000037
1000028
1000241
999610
999385
999785
1000160
1000654
1000603
1000052
999333
999915
999671
999594
999977
1001613
999547
1000025
999950
1000217
999599
999826
999691
1000123
1000683
998918
999832
1000058
1001191
999549
1000239
999860
1000150
999736
999662
1000377
999960
999859
999407
1000009
1001202
1000011
999184
999612
1001139
1000253
999274
999769
1000218
999706
1000171
1000496
999795
1000753
999444
999112
1000466
999438
1000207
1000717
999941
999057
1000006
1001401
999363
1000288
999837
1000705
999224
999694
999929
1000249
999845
999505
999984
999884
1001326
999470
1000461
1000048
999922
999553
1000124
1000006
999772
999776
1000097
1000087
1000028
999411
1000038
1000014
1001363
1000004
999684
999700
999810
999458
999863
1001368
998849
1000617
1000629
999258
1000597
999620
999910
999896
999354
999958
1000056
1000551
999766
1000139
1000191
1000755
999350
999280
999846
1000096
1001209
999586
1000524
999278
999502
999934
999874
1000001
1000692
1000232
999831
1000118
1000561
1000050
999660
999923
1000322
999533
999143
1000049
1000626
1000142
1000053
999739
1000119
999994
1000671
998740
999939
999976
1001281
999517
1000302
999762
999587
999506
1000862
1000568
999415
1000723
999013
999948
1000128
999323
1000217
999782
999999
1000329
1000748
1000331
999730
999867
999661
1000245
999770
999804
1000801
999746
999086
999900
1000948
1000252
998993
999835
1000502
1000943
999274
999743
1000910
999885
998903
999847
1000094
999853
1000921
1000414
999471
1000588
999553
999973
1000261
1000139
999489
1000035
999292
999919
1001526
999634
999937
999735
999758
999424
1001290
999585
1000711
998744
1000583
999871
999888
999978
999483
1000467
1000015
1000743
999917
999914
998809
1001145
999804
999866
1000307
999898
1000095
998906
999954
1000892
1000400
1000186
999412
999143
1000103
999837
1000058
1000548
1000075
999955
1000092
1000783
999563
1000263
999605
1000411
999449
1000154
999809
999977
999926
999354
1000028
999994
1000781
999298
999826
1000050
1001082
1000713
999393
999660
1000569
1000075
999367
999960
999961
999960
1000175
999854
1000087
999943
999352
999875
1001071
1000455
999922
999946
999656
999737
999829
999495
999932
999936
1000032
1001478
999297
999986
1000532
1000078
999444
999256
1001288
999823
999835
999927
1000443
999411
999329
999769
1000007
1001425
999478
999844
1000170
999373
1000445
999314
1000012
1000480
1000835
999960
999626
1000456
999717
1000465
999418
999852
1000012
999311
999976
999879
1000111
1000810
999884
1000073
1000500
1000183
999708
999927
999883
1000241
998901
999841
1000681
1000071
1000041
1000032
1000049
1000584
999667
998954
1000079
999865
999988
1000018
1000039
999829
1000572
1000319
1000191
999653
999911
1000090
1000065
999916
1000185
999883
999935
999962
1000668
1000185
999898
1000145
999553
1000037
999166
999825
999832
1001291
998942
999904
999874
1000022
1001424
999663
1000117
999973
999876
999760
1000043
999715
1000696
999966
998879
999999
1000751
1000094
999683
999956
999958
1000120
1000778
999701
999741
1000499
998783
999986
1000734
999605
1000802
998849
999917
1000018
1000518
1000239
999946
999859
1000627
998865
1000359
1000219
1000011
1000782
999600
998905
1000899
1000096
1000154
999655
999853
1000533
999681
999162
1000028
1000786
999671
1000265
999964
1000012
999828
999413
1000017
1000012
1001427
999992
999742
999891
1000086
999236
999689
1000023
1000245
1000296
1000098
999931
1000619
998872
999797
1000087
1000998
1000508
999414
1000167
999625
1000097
999874
999934
999896
999429
1001397
999800
999543
999991
1000088
999837
999914
999998
999907
999668
1000128
999731
1001382
1000224
999438
999938
1000262
999542
1000011
999420
999777
1000308
1000424
1000644
999650
999704
1000016
1000785
999247
1000788
999317
1000321
998959
999963
1000670
1000046
1000028
999799
1000408
1000227
999041
999877
1000592
999709
1000407
999749
1000157
999910
999867
1000182
999911
999902
1000178
999714
1000103
1000110
999885
1000185
1000110
1000001
999650
1000188
999928
1000287
999568
1000095
1000179
999867
999990
999938
1001108
999901
999197
1000374
999738
1000418
998847
999862
1000046
999996
1000031
999846
1001284
1000294
999564
999926
1000189
999650
999905
999959
1001006
999543
998832
1000059
1000758
999743
999907
1000136
1001050
999843
999278
1000248
999670
1000634
999293
999949
1000198
999298
999785
1000059
1000125
999855
999965
1000042
1001010
1000550
999416
999912
1000050
999939
999868
999760
1000178
1000476
999653
1000004
999843
1000084
1000091
1000025
1000358
1000440
999354
1000225
999760
1000739
999247
999876
999880
999790
1000072
1000134
999995
999286
1000078
999992
1001191
1000385
999622
999892
999890
1000496
999329
999792
1000002
999537
999797
1000088
999902
999988
1000002
1000015
1000866
1000640
999642
999630
1000661
999933
999576
999811
999945
1000011
1000016
1000017
1000007
999960
1000038
999996
1000120
1000009
999733
1000376
1000208
999008
999788
1000054
1000113
999829
999997
1000045
1001173
1000226
999730
999823
999921
1000590
999404
999632
1000080
1000005
1000109
999988
1000647
999958
999833
999940
1000136
1000222
998736
1000059
999957
999803
1000035
1000028
1000992
1000373
999362
1000253
999808
999834
1000033
1000021
1000077
999614
999844
999703
1001186
1000219
999743
999767
1000568
999996
998789
999828
999982
999972
999999
1000035
1000612
1000121
999931
1000172
999889
999948
1000008
1000088
999772
1000132
1000050
999939
1000568
1000176
999742
999910
1000183
1000087
998672
1000010
1000081
999793
1000031
1000009
1001223
1000352
999342
1000154
999879
1000594
999478
999761
1000016
999225
1000029
1000030
1000793
1000009
999881
999939
999931
1000147
1000072
999840
999687
1000328
1000043
1000148
1000258
1000352
999647
999892
1000301
999896
998892
999944
1000079
999811
1000020
1000035
1001121
1000184
998746
1000006
1000083
999796
1000007
1000044
1000015
999955
1000010
1000005
1001205
1000242
999749
999811
1000382
1000094
999423
999376
1000472
999876
1000136
1000022
1000544
1000164
999462
1000046
1000244
1000151
999487
999952
999808
1000075
999882
1000148
1000087
999240
999992
1000053
1000016
999952
999850
1000027
1000052
999934
1000034
1000020
1001273
1000133
999629
999748
1000476
1000245
999602
999819
1000416
1000106
999289
999992
1000100
1000064
999921
1000121
999704
999984
999811
1000226
1000372
1000381
999567
999917
1000551
999647
998971
1000005
1000045
999964
1000002
999915
1000151
999821
1000022
1000033
1000975
1000430
999714
999993
1000226
999775
999595
1000195
1000340
1000166
999609
999756
1000521
999704
999763
999890
1000033
999405
999831
1000046
1000145
999806
999999
1000074
1001212
1000240
999681
999921
999833
1000385
999182
1000261
1000111
1000542
999501
999817
1000528
1000374
999661
999873
1000111
999570
999291
999918
1000123
999821
999998
1000045
1000942
999796
1000204
999887
1000037
999983
999901
1000025
999697
1000224
999799
999999
1000780
1000245
999536
999821
1000465
999657
999055
1000039
999985
999989
1000020
999857
1001229
1000312
999602
999896
1000318
998917
999947
1000307
1000811
1000203
999604
999812
1000346
998895
999795
1000035
1000086
999954
1000001
1000022
1000104
999783
1000051
999983
1000727
1000112
999990
999925
999962
999983
999463
1000545
1000016
1000087
999943
999998
1000724
1000016
999711
999801
1000305
1000215
999684
999845
1000241
998920
999801
1000074
1000696
1000224
999878
999739
999942
1000190
999908
999883
1000406
1000542
999614
1000045
1000144
998875
999828
1000062
1000070
999966
1000003
1000043
999927
999948
1000022
1000010
1001034
1000356
999744
999658
1000530
999429
999906
999789
1000075
999830
1000176
999938
1000588
1000269
999758
999856
1000178
999088
999818
1000096
1000020
999809
999981
1000034
1001084
1000309
1000021
999610
1000186
999561
1000028
999835
1000271
999792
1000019
999914
1000486
1000379
999673
999890
1000045
998907
999975
1000030
1000038
999958
1000045
1000005
1000730
999967
999981
999882
999843
1000088
1000050
999980
999902
1000101
999965
1000062
1000580
1000112
999949
999716
1000171
998910
999995
1000032
999992
1000001
999987
1000003
1001039
1000321
999665
1000020
1000363
1000174
999526
999876
1000136
999362
999686
999960
1000773
1000259
998911
999913
1000273
999821
999950
1000030
1000440
1000036
999814
999932
1000801
1000282
999644
999976
1000176
1000345
998881
999908
1000016
999931
1000029
1000036
1000352
999545
1000025
1000004
1000024
999913
999876
999849
1000212
999869
1000002
1000023
1001065
1000331
999621
1000016
999994
1000607
998756
999877
1000131
999849
1000015
999929
1000948
1000398
999461
999952
1000036
1000447
998698
999873
1000548
999791
999837
1000028
1000891
1000342
999605
999876
999950
999109
999983
1000042
1000070
999815
999973
1000015
1000862
1000729
998929
999993
1000058
999804
1000036
1000038
999996
1001127
999630
999701
1000253
1000289
998757
999885
1000868
1000204
999687
999777
999858
1000118
999966
999992
1000623
1000173
998837
1000012
999978
999965
1000029
999876
1000759
1000620
999818
999838
1000447
1000027
999191
999697
1000549
999749
999836
1000260
999703
1000220
999956
999898
1000209
999347
999842
1000121
1000087
999796
999991
1000039
1000054
999975
999994
1000017
1001235
1000230
999592
999923
1000467
1000050
999324
1000448
1000050
1000098
999190
1000059
1000523
1000346
999554
999740
1000489
999950
998787
1000101
1000411
1000007
1000033
999907
1000057
999510
999832
1000070
1000061
999984
999996
1000029
1000050
999986
999830
1000035
1000523
1001162
999412
999979
1000390
999927
999219
999998
999984
999929
1000069
999971
1000665
1000490
999460
999808
1000373
999998
999275
999938
999948
1000029
999910
1000156
1000488
1000470
999689
999682
1000393
999663
999040
1000050
1000405
1000970
999765
999893
999994
999059
999820
1000042
1000040
999966
1000022
1000028
1000030
999999
999835
1000006
1001122
1000312
999183
1000348
999536
999894
999906
999948
1000317
999804
1000026
1000090
1000707
1000325
999741
999769
1000105
1000392
999605
999919
1000250
999725
999208
999887
1000322
999867
1000096
999970
1000017
1000059
999897
999983
1000440
1000924
999565
999897
1000188
998881
999981
999872
1000164
999781
1000000
1000057
1000147
999834
1000047
1000065
1000898
1000560
999610
999723
1000284
999108
999936
999951
1000423
999750
999974
