1051626
1060853
1050486
1050316
1051876
1051786
1052725
1051236
1051377
1051456
1050842
1050723
1050829
1051553
1049584
1050579
1051804
1051770
1049151
1055298
1051116
1049189
1050267
1054797
1051033
1049638
1052149
1050977
1050384
1049175
1051040
1050906
1052974
1049357
1049874
1050562
1050322
1050484
1049131
1049768
1049483
1056956
1051351
1052342
1050068
1050707
1051842
1049608
1050108
1049584
1050201
1049001
1054346
1052271
1050613
1051300
1051580
1049559
1051245
1050579
1049136
1050291
1049270
1049812
1057984
1050078
1049099
1050700
1053748
1049463
1050320
1050667
1050707
1049132
1050590
1050728
1049170
1049824
1050567
1049201
1051201
1051275
1049446
1007962
1049202
1050312
1049131
1049736
1049023
1050531
1051551
1049662
1050567
1051325
1049533
1050809
1051630
1050221
1050143
1050965
1049202
1050196
1050839
1050843
1048888
1049294
1049878
1051165
1049113
1049675
1050503
1049032
1050062
1051712
1049566
1049685
1050826
1049230
1051241
1052206
1050115
1050295
1049008
1050971
1051233
1050530
1049493
1049896
1049653
1051161
1049532
1050580
1049509
1054109
1051555
1049202
1051363
1050936
1049428
1050207
1049734
1049265
1050668
1050293
1049931
1052122
1049389
1048687
1049554
1049348
1049881
1048985
1051139
1050326
1049994
1050919
1050509
1050949
1049442
1050903
1051731
1049166
1050177
1030553
1050340
1048860
1048989
1049832
1050627
1050891
1049154
1050416
1049031
1049575
1050858
1051592
1051536
1049250
1052493
1050467
1051163
1051146
1049373
1051486
1049584
1050380
1050100
1050304
1049046
1050298
1049209
1049586
1050578
1050726
1051409
1049444
1050377
1049315
1050685
1051780
1049311
1050373
1050561
1050210
1051389
1050238
1051581
1049681
1050328
1049081
1049932
1049227
1048664
1049905
1052139
1050474
1052250
1050157
1051169
1051343
1050932
1049127
1050437
1050774
1050500
1050029
1050436
1049069
1049304
1048849
1050531
1051633
1049667
1049991
1048893
1049777
1051216
1049693
1050850
1054450
1049368
1050138
1050715
1026067
1051719
1050300
1050513
1050119
1048969
1050065
1049257
1049868
1049253
1050970
1051391
1049521
1051169
1050406
1051265
1049169
1054490
1051126
1053779
1049547
1050108
1050050
1050594
1051544
1051136
1051250
1049472
1049968
1048915
1049710
1049171
1049353
1048714
1053168
1052350
1049633
1050507
1050807
1052681
1049245
1050284
1050485
1049380
1050314
1049377
1049970
1049283
1050103
1051593
1050406
1049140
1050603
1049369
1049880
1051878
1049615
1054263
1049801
1051227
1050795
1050035
1053939
1051047
1049133
1049668
1051313
1049257
1050636
1050881
1049222
1049801
1050851
1051447
1050333
1049120
1051248
1051412
1051260
1049187
1020886
1053617
1050312
1050998
1056359
1049526
1050870
1051976
1049331
1050544
1049038
1050457
1049143
1050174
1051116
1049824
1050630
1051966
1050857
1049098
1051203
1051285
1049133
1050642
1049155
1050020
1050509
1049491
1050788
1050607
1051746
1051191
1049229
1049752
1049032
1049838
1049181
1050006
1051809
1049404
1050282
1051529
1049580
1050826
1051204
1050198
1050292
1049098
1050045
1050674
1050804
1049269
1049852
1049029
1051465
1049612
1049607
1048814
1050480
1052633
1049622
1052578
1051191
1049450
1049509
1050004
1049153
1049875
1050933
1049810
1050447
1049325
1050480
1049061
1050267
1048881
1050011
1049381
1051214
1049600
1015245
1051083
1055002
1049172
1050609
1050763
1049104
1050076
1050481
1049843
1050394
1049274
1051084
1049486
1050342
1049256
1050321
1049168
1050035
1054468
1049576
1050564
1053743
1050501
1051538
1049362
1050283
1049996
1050822
1050862
1049274
1049841
1049037
1050034
1048961
1051146
1049663
1050241
1049855
1052043
1051121
1049317
1050090
1050535
1049106
1050960
1049746
1049172
1056831
1051077
1049790
1051075
1049217
1050350
1049042
1049804
1049103
1049976
1055296
1049613
1050854
1050878
1049414
1050040
1053312
1049338
1050287
1050358
1050818
1051278
1049276
1049787
1049064
1050503
1049401
1050296
1049152
1049846
1051597
1049396
1015516
1051610
1050661
1049528
1050399
1049000
1051252
1051219
1051976
1049355
1050729
1050890
1049502
1050338
1049091
1049463
1050870
1050892
1050900
1049180
1053118
1051089
1049231
1049979
1052599
1050560
1049121
1050348
1050654
1049167
1063462
1050141
1051367
1049175
1049818
1049014
1049686
1048880
1050277
1053361
1050863
1052664
1050105
1051046
1049013
1052338
1049574
1051685
1051447
1050392
1049045
1050747
1049157
1051954
1051325
1049475
1050764
1049195
1052216
1051571
1050085
1057029
1051138
1049224
1049692
1049623
1048928
1050548
1051076
1051103
1049340
1050348
1049116
1050148
1049241
1050327
1049125
1051131
1051015
1049033
1050235
1050747
1049985
1050704
1051391
1050500
1049446
1050166
1050492
1049184
1050218
1049408
1050570
1049599
1050033
1540243
1050500
1050609
1049730
1050357
1049955
1049884
1049407
1049666
1049397
1049592
1049824
1049582
1049270
1050850
1008208
1049103
1050001
1052169
1050437
1049066
1050688
1050418
1051461
1049684
1050256
1050987
1050385
1049221
1050088
1050527
1050283
1048887
1050331
1051235
1050893
1049157
1050029
1050772
1049853
1050692
1050492
1049990
1049788
1050019
1049170
1051772
1050681
1050525
1049044
1049796
1052258
1049773
1051400
1050277
1050931
1049608
1049897
1050141
1049627
1049062
1050589
1050460
1050780
1049322
1050081
1050514
1050961
1050271
1048908
1049526
1050076
1049076
1049696
1050533
1049270
1050267
1052136
1051202
1049307
1051082
1050976
1051904
1050552
1049017
1050472
1051155
1056383
1050903
1050834
1048910
1050016
1050552
1051062
1050545
1033193
1049346
1050862
1051212
1049972
1049784
1049117
1050311
1049776
1049149
1049121
1051881
1050018
1051037
1050626
1050942
1051388
1051962
1049492
1050009
1051305
1049331
1049947
1049809
1050948
1049161
1050231
1049547
1051173
1049165
1049998
1049369
1051414
1051656
1049135
1050516
1051339
1049233
1052622
1049863
1050610
1050777
1049365
1050351
1050796
1051842
1059506
1049846
1048755
1049266
1049684
1050293
1048881
1049267
1048877
1051778
1051087
1049176
1050909
1059230
1049128
1049464
1050586
1050901
1054449
1050946
1050621
1050567
1050648
1048941
1049305
1048834
1049337
1050635
1049545
1049393
1052622
1049707
1050530
1051377
1067822
1050581
1050853
1049131
1049446
1050603
1049208
1050056
1050112
1051279
1049131
1049773
1048959
1049908
1049099
1049779
1049656
1049573
1050632
1034415
1050760
1049150
1050534
1050281
1049317
1051078
1050711
1053606
1049198
1050939
1050215
1050674
1049899
1048494
1050538
1049254
1050538
1049043
1049635
1048899
1051437
1056628
1049329
1050900
1051549
1049535
1050677
1050797
1050501
1049162
1049567
1051108
1049081
1050216
1049162
1050130
1050840
1050687
1049294
1050542
1048982
1050286
1051218
1049072
1050390
1051336
1049374
1050069
1051464
1049578
1050517
1051209
1049346
1050363
1049191
1050393
1049106
1049666
1049023
1051025
1049519
1051735
1051063
1049035
1050678
1051081
1051694
1049227
1049809
1050814
1049396
1050119
1050844
1050996
1049237
1050496
1049138
1049753
1049059
1030578
1051879
1049240
1050240
1051001
1049136
1050846
1051363
1050511
1049180
1049956
1050568
1051639
1049277
1049869
1049074
1049747
1048974
1051032
1049528
1050918
1052070
1049582
1050224
1051044
1049129
1049991
1050262
1049013
1049854
1050881
1051289
1049203
1049827
1049199
1050598
1049140
1049981
1049245
1050057
1055427
1049566
1050280
1051658
1049282
1050653
1051033
1049324
1050218
1050692
1051581
1049231
1049870
1049065
1050479
1049483
1050663
1049014
1050728
1049422
1051668
1050877
1049341
1050297
1050612
1051575
1051183
1051390
1049084
1050342
1049514
1049426
1048889
1050007
1048932
1049882
1049145
1050948
1051395
1049223
1033900
1051671
1049153
1050406
1050104
1049011
1050748
1050396
1050668
1051010
1050640
1050955
1050802
1049439
1050062
1048713
1049404
1048853
1049877
1048885
1052449
1050893
1050854
1050960
1051087
1049100
1052012
1050251
1049061
1050912
1049601
1049960
1049355
1049951
1050762
1051216
1049234
1049717
1049068
1050288
1052312
1049685
1049892
1058391
1049238
1049494
1051579
1050782
1051207
1050768
1050276
1048986
1050264
1049171
1049730
1049030
1049938
1050949
1050751
1051845
1049556
1050657
1051549
1049349
1050204
1049890
1049127
1049961
1050639
1049327
1050225
1050828
1050953
1049170
1050667
1049179
1050104
1048951
1049887
1051637
1036174
1049683
1053508
1049513
1049187
1051463
1049148
1050048
1049371
1050945
1049477
1049042
1048616
1061005
1050609
1051048
1049617
1050187
1048997
1049921
1054916
1049601
1049941
1051592
1049324
1049525
1050293
1050040
1049385
1049516
1050494
1050014
1049740
1048791
1049932
1048983
1049810
1048992
1051524
1050218
1049812
1051556
1050649
1052402
1050436
1049033
1049612
1051118
1049105
1050311
1049371
1050787
1050583
1048819
1048773
1049492
1048817
1049339
1048819
1049270
1053348
1050522
1050862
1048960
1050766
1049908
1050518
1049046
1050024
1050367
1050823
1049070
1050308
1049163
1051517
1049624
1050229
1049378
1050425
1049032
1024850
1051284
1049320
1050300
1050774
1049198
1050869
1051153
1049681
1048947
1050742
1050714
1049620
1050277
1049092
1049867
1048945
1051733
1049648
1050048
1051635
1049629
1049837
1050343
1049306
1049621
1051101
1050022
1049015
1050454
1050124
1049320
1050257
1048979
1050349
1049224
1049960
1049121
1049757
1048975
1054482
1052196
1050921
1052863
1051130
1049010
1049785
1050978
1049022
1051358
1049590
1049928
1049162
1049932
1049637
1051025
1049158
1050237
1049412
1050160
1052466
1049799
1050373
1051101
1049336
1050072
1051498
1049606
1050326
1051260
1050589
1050155
1050125
1049723
1051012
1049261
1050059
1049031
1049864
1049031
1034308
1050983
1052116
1051147
1049258
1051466
1050679
1050746
1050388
1050227
1048830
1051160
1051121
1050487
1048929
1050349
1050978
1051778
1049567
1051146
1050840
1050231
1049002
1058783
1049812
1050187
1049080
1076681
1049581
1051258
1054214
1050878
1050986
1049276
1050151
1050190
1049188
1049785
1050429
1050136
1048907
1050685
1051305
1050902
1049269
1050005
1049077
1049528
1048995
1050355
1048944
1050104
1050951
1049616
1050001
1051112
1051287
1049361
1050100
1050390
1049194
1049535
1050959
1051150
1050516
1050755
1050911
1049319
1050176
1049152
1049860
1049075
1051856
1050049
1051573
1052338
1050768
1050868
1051601
1050592
1049047
1050173
1051043
1051262
1050425
1050323
1049152
1050520
1049690
1050947
1051348
1049131
1049691
1050953
1053224
1049394
1049929
1051050
1049629
1031325
1051245
1050304
1050445
1050116
1049483
1050082
1050089
1048992
1049566
1049013
1049962
1050929
1049313
1051282
1050941
1050437
1049208
1049580
1050217
1050817
1049330
1049716
1049779
1049184
1050004
1050484
1050735
1051161
1051099
1049340
1050129
1049041
1049589
1048795
1051373
1051708
1049199
1050028
1051187
1049421
1050682
1050326
1049272
1050013
1050683
1049711
1049424
1050181
1049328
1049558
1050746
1051044
1049338
1050143
1048875
1050058
1053242
1049733
1051067
1051096
1049281
1050142
1050160
1050654
1050585
1050177
1048924
1050564
1049542
1049836
1049096
1050040
1048924
1049346
1050529
1049245
1049789
1051510
1049666
1053895
1051049
1050719
1049112
1049587
1050462
1049387
1049291
1049832
1050395
1048754
1050365
1049972
1048721
1049319
1048885
1050651
1054135
1049444
1050636
1052891
1049491
1050826
1049987
1049127
1050801
1050400
1049731
1049144
1049829
1049209
1050697
1049493
1049330
1048903
1049406
1051528
1049320
1050267
1050636
1049216
1050237
1052228
1049256
1049792
1050993
1051165
1050389
1048985
1050182
1049046
1049889
1049052
1050367
1049149
1050775
1051445
1051546
1049659
1050268
1051368
1049761
1050819
1053064
1049076
1049857
1050891
1049500
1050147
1049900
1050672
1049011
1049945
1049318
1050097
1049074
1050786
1051090
1049468
1053564
1026737
1051626
1049667
1050930
1050935
1052733
1049359
1050577
1050477
1051063
1049125
1049628
1049080
1051060
1049467
1050059
1049157
1051349
1051201
1049304
1050798
1049247
1049920
1050187
1050452
1050645
1050905
1050695
1050765
1049349
1050258
1049337
1050615
1050411
1050605
1049271
1050546
1050910
1049462
1053091
1050401
1049754
1052138
1050618
1049009
1050564
1050875
1049168
1049970
1051096
1049867
1051317
1050306
1049064
1049097
1050375
1049018
1049637
1049000
1050073
1049104
1050559
1052194
1049661
1050415
1050626
1049253
1050467
1050511
1051071
1051579
1049573
1050282
1050007
1050225
1050738
1051179
1049126
1049845
1731168
1049539
1049813
1049791
1049591
1049726
1049681
1049255
1049562
1049611
1049594
1049293
1050501
1050877
1050114
1052196
1049761
1050400
1050532
1050716
1049347
1050550
1051474
1049605
1050732
1050593
1050682
1042390
1050520
1050175
1050930
1049102
1050904
1051559
1049251
1049973
1051859
1049668
1050657
1050182
1048800
1049976
1050148
1049061
1050141
1053570
1051114
1050287
1048994
1049982
1051476
1051650
1049640
1051102
1050343
1049739
1048884
1050756
1050187
1050254
1048852
1050464
1050439
1050895
1049233
1050564
1050654
1049066
1049511
1049130
1048641
1049264
1050528
1051217
1049567
1049617
1050345
1050536
1049070
1049327
1051696
1050425
1052893
1050779
1051152
1048763
1050998
1083668
1376200
1049347
1049879
1050331
1049089
1049765
1051448
1049761
1050054
1050839
1049210
1074864
1051707
1051288
1049287
1053065
1052397
1050620
1049117
1049904
1053909
1051277
1049149
1066673
1050624
1050586
1049233
1052972
1051682
1049310
1049966
1048904
1051203
1049533
1049296
1048707
1051466
1049882
1050127
1049310
1048657
1050345
1050212
1049040
1049922
1051257
1049529
1051507
1050538
1048906
1048803
1048693
1049179
1049284
1048629
1049191
1050450
1051267
1052165
1049546
1050974
1049943
1050859
1049302
1050284
1050194
1049122
1050559
1050689
1051472
1051019
1051081
1050137
1049031
1050241
1048987
1050026
1049059
1050233
1051562
1050418
1051301
1050957
1049266
1051953
1051018
1049270
1050344
1050948
1049238
1053296
1010167
1050346
1050994
1051206
1050653
1049418
1050373
1049198
1051013
1051058
1051575
1049562
1050327
1053759
1049167
1050829
1050018
1051191
1050472
1049479
1050746
1049596
1050425
1050054
1050795
1049127
1051007
1050519
1050354
1049301
1054550
1051261
1049198
1050260
1050954
1049283
1049989
1050741
1049126
1050872
1051448
1049427
1050726
1049401
1050119
1049268
1049977
1049166
1050160
1049274
1050798
1052929
1049596
1050380
1050155
1050881
1051243
1049126
1050282
1050721
1049215
1049530
1049418
1050336
1051082
1050531
1049164
1050162
1049221
1050183
1050367
1049823
1050712
1049954
1051391
1050794
1049108
1050917
1050865
1049234
1036445
1050819
1049172
1050749
1050018
1049082
1049724
1049133
1050060
1050826
1051055
1049326
1050117
1049131
1053105
1051057
1050425
1049159
1050070
1050870
1049104
1049982
1050812
1049961
1051146
1050585
1051199
1050947
1049123
1050275
1049132
1050082
1049469
1049965
1050844
1051792
1051446
1049451
1050844
1051014
1049340
1049825
1050449
1049243
1050873
1050987
1051494
1050762
1051091
1049349
1050707
1049219
1050265
1049245
1050259
1054205
1049693
1050544
1053960
1050939
1051341
1130811
1049798
1050775
1050759
1049574
1050843
1049208
1050632
1049286
1050536
1051044
1051346
1049284
1050097
1051819
1049639
1050175
1051389
1049216
1050338
1050832
1049108
1050137
1050981
1049590
1051427
1049523
1050264
1049418
1050265
1049180
1050429
1049388
1050039
1050777
1051783
1051581
1049344
1050086
1051008
1049356
1049715
1050650
1049122
1050895
1050442
1049729
1051215
1049577
1050654
1049295
1050691
1049358
1049546
1048952
1051480
1051343
1019096
1050413
1051449
1053870
1050755
1051377
1049351
1050157
1075289
1049494
1050961
1049614
1049061
1050775
1050799
1051581
1049477
1049948
1051748
1049485
1049974
1051264
1049196
1049638
1049191
1049944
1050821
1049171
1050456
1051754
1051394
1059050
1050343
1049250
1050352
1049628
1048930
1049347
1055057
1051331
1051961
1049475
1050217
1051547
1049604
1051508
1050772
1049516
1050849
1050293
1050754
1050806
1049219
1051066
1049636
1049893
1049191
1050394
1049253
1049693
1049021
1050470
1051665
1049432
1050789
1050437
1051143
1049135
1050346
1049771
1050211
1050698
1049316
1050071
1049223
1050332
1049418
1051015
1049599
1050026
1070815
1050734
1054327
1049552
1050438
1051247
1049273
1050405
1051873
1049328
1069940
1051505
1050833
1049094
1050434
1049294
1049707
1049264
1050072
1049089
1050253
1051031
1055788
1050082
1048978
1050441
1051081
1049311
1050183
1050950
1049147
1050575
1050976
1051048
1051699
1049634
1050704
1049344
1032652
1049203
1050460
1049506
1050024
1053141
1049492
1050778
1050712
1049403
1050352
1051963
1049345
1050357
1052694
1049098
1050139
1050820
1051141
1049363
1051149
1049650
1050332
1050551
1051044
1049398
1049942
1051818
1049658
1050021
1051254
1051145
1050633
1049395
1050258
1050821
1050940
1049215
1050509
1049858
1049706
1048835
1049285
1049268
383418316
1050405
1049551
1049303
1049324
1050254
1049756
1049257
1432037
1050079
1050295
1049781
1050730
1050390
1050535
1050294
1053577
1051885
1050895
1050328
1050601
1050139
1050149
1051292
1050564
1049169
1049851
1051299
1050067
1048920
1053344
1051847
1050572
1049232
1049933
1050277
1048923
1049934
1050097
1049091
1049746
1024296
1048868
1049577
1052773
1050606
1049157
1049714
1050627
1050225
1049021
1050807
1050623
1049791
1049110
1049872
1050113
1050264
1049126
1050842
1051776
1051227
1049256
1050005
1049902
1049111
1049980
1050015
1049701
1050125
1049848
1048958
1050821
1051707
1050600
1049111
1049943
1051346
1050212
1049236
1049748
1050812
1050039
1049301
1049861
1051218
1050377
1049062
1049922
1051665
1049673
1049890
1050222
1049846
1049057
1049524
1049632
1048760
1049550
1049700
1048939
1051523
1050674
1050250
1048903
1052197
1049954
1049525
1050737
1050213
1050214
1049223
1050225
1049855
1050131
1049151
1050685
1051742
1050523
1050560
1049073
1053614
1050398
1049262
1049546
1049812
1048983
1049503
1050441
1051071
1051469
1050862
1050988
1054533
1049021
1049615
1050890
1050737
1049405
1049684
1050495
1050289
1049040
1050492
1050196
1051231
1051043
1049023
1048934
1048955
1049562
1048816
1049867
1049082
1049873
1053231
1050893
1051517
1051393
1049112
1050014
1051799
1049227
1049527
1051039
1049781
1050068
1049979
1049154
1049657
1050632
1049846
1048927
1049298
1048837
1050977
1050863
1048994
1052214
1050459
1049091
1050319
1064009
1049697
1049468
1053486
1049176
1049678
1050614
1051133
1049022
1049650
1048932
1050645
1049908
1050309
1049269
1051283
1050750
1049285
1050392
1015529
1049372
1050122
1050046
1051075
1052555
1051184
1049336
1050307
1049451
1049473
1048732
1049091
1050114
1048834
1049910
1050614
1054940
1051324
1049332
1050823
1050530
1049080
1050184
1050539
1049146
1050795
1050301
1049174
1051262
1051112
1051098
1049086
1050414
1049256
1049645
1048851
1051284
1050384
1049004
1051486
1050312
1051663
1050786
1050348
1050892
1050008
1050477
1049508
1050724
1050881
1049050
1049913
1049181
1049661
1053496
1051181
1051116
1052779
1050441
1048999
1049798
1051030
1050178
1048977
1049837
1051536
1049854
1049932
1051678
1049949
1051105
1049534
1050825
1049628
1049638
1048681
1049471
1048883
1049214
1029567
1049661
1051264
1051237
1049784
1049020
1052996
1050485
1048922
1050154
1050522
1048892
1050791
1049599
1050115
1050530
1050852
1049026
1049444
1048857
1049745
1049078
1050549
1051866
1049739
1050143
1051097
1050783
1049511
1049919
1050126
1050421
1050774
1049105
1050738
1049454
1049697
1048956
1049880
1050593
1051377
1049216
1049317
1048897
1049908
1051780
1051423
1051048
1050329
1048988
1050203
1049313
1050780
1051350
1051035
1049458
1050132
1049203
1049804
1050364
1050174
1049749
1050121
1049123
1050912
1051622
1049593
1050118
1051273
1049301
1049627
1050333
1049181
1050038
1050740
1049208
1050280
1049985
1051940
1049545
1037754
1049281
1049914
1048939
1050912
1055581
1049542
1050215
1052539
1049472
1050289
1050858
1050294
1048963
1050239
1051520
1050285
1049160
1050252
1049383
1049859
1050880
1050990
1049258
1049991
1053864
1049703
1051921
1051112
1051141
1049540
1050522
1050583
1051333
1049360
1051503
1050999
1049213
1049419
1049109
1050452
1049380
1049659
1049031
1049861
1051625
1050424
1051192
1050227
1049221
1050823
1050758
1050970
1048946
1050380
1050828
1049398
1050159
1051058
1050957
1049374
1049216
1048977
1049521
1050369
1049212
1051787
1051621
1049488
1050781
1050699
1051436
1050797
1050932
1049266
1051195
1050740
1048949
1050542
1049789
1021546
1049271
1050035
1050636
1049850
1049256
1050549
1051656
1049789
1050502
1053297
1049130
1050382
1051192
1050867
1071024
1051606
1049219
1050063
1050585
1050995
1049046
1049819
1049056
1050118
1048986
1050047
1051500
1050231
1051383
1050636
1048939
1050137
1052759
1050808
1049234
1052570
1050617
1049254
1050853
1051084
1051131
1050235
1050393
1050783
1049223
1049746
1049110
1049878
1049435
1050656
1053917
1050538
1049022
1050756
1051269
1049178
1050377
1049915
1051288
1050639
1051573
1050890
1050670
1050874
1050840
1049440
1050042
1050623
1049167
1061348
1050443
1050876
1051651
1051026
1049111
1050242
1050682
1049145
1050907
1050816
1049413
1050015
1050303
1050762
1049543
1050279
1049277
1050276
1049301
1049897
1050793
1051187
1049260
1049932
1053064
1049697
1050093
1051246
1031578
1050133
1050862
1049026
1050952
1050955
1051213
1049165
1049262
1048988
1050230
1049217
1049635
1049217
1049618
1051922
1049704
1050294
1051702
1049114
1050296
1053780
1050725
1049038
1049932
1050917
1049248
1050312
1049617
1050935
1049750
1049233
1050727
1049033
1050320
1049689
1050243
1051671
1049641
1050587
1051215
1049410
1050295
1051534
1049359
1050279
1050747
1049518
1050170
1049014
1050064
1049288
1049745
1050787
1050667
1049248
1049966
1053080
1049525
1050279
1052775
1049407
1050262
1050790
1049120
1050247
1049597
1050910
1051153
1049224
1049846
1048984
1050015
1049023
1049643
1048959
1050824
1052986
1049571
1049924
1047427
1049890
1049592
1050304
1048898
1048961
1050324
1049347
1049028
1050562
1050455
1048862
1049124
1048673
1050512
1049360
1051154
1051119
1049343
1050879
1050279
1050837
1051220
1050963
1049273
1050388
1050744
1049139
1050312
1049180
1050192
1049444
1050392
1050974
1049176
1050219
1052007
1049552
1050944
1050871
1049454
1050012
1049709
1049101
1050091
1051642
1051658
1050698
1049129
1049946
1049128
1050043
1049092
1050059
1048972
1053790
1051389
1050954
1051376
1050874
1049234
1049650
1051105
1049067
1050921
1050564
1050288
1049036
1049727
1049024
1050951
1049600
1050776
1049110
1049973
1051713
1049698
1050382
1052836
1049245
1025597
1053582
1050994
1051032
1049280
1050908
1049644
1050534
1050249
1050535
1049150
1049918
1050767
1049406
1050666
1049446
1051678
1051193
1049360
1050262
1051064
1049264
1050145
1050737
1049257
1051395
1051905
1050458
1050783
1049287
1049743
1048935
1049437
1048791
1049354
1048881
1051252
1051732
1049502
1050678
1050788
1048984
1049767
1050281
1050654
1049402
1049256
1048808
1049370
1048737
1049897
1049674
1048954
1048770
1054959
1050792
1048952
1050854
1049857
1048922
1050340
1049661
1050520
1050979
1050908
1050011
1048809
1049261
1048802
1049324
1048895
1049305
1048936
1050108
1052107
1050342
1048726
1050389
1049886
1048812
1046036
1049976
1048644
1050408
1049363
1050263
1050807
1051386
1050688
1049207
1049869
1049028
1049984
1049078
1051511
1051547
1049341
1050968
1050410
1050833
1051881
1050679
1049080
1049863
1050855
1049287
1049909
1049121
1050415
1049160
1050773
1049432
1050258
1049221
1051845
1051302
1049273
1052312
1050381
1049750
1050897
1050182
1049987
1051635
1051023
1049238
1049907
1049287
1050345
1049049
1049594
1048999
1049390
1048782
1053778
1050949
1050241
1048933
1050047
1050037
1049016
1050225
1050460
1049073
1048901
1048879
1049793
1050745
1049406
1049596
1048930
1050264
1052180
1049550
1050214
1050787
1049366
1050178
1053010
1050752
1037132
1049462
1050777
1050932
1049173
1049999
1049120
1050339
1049109
1049820
1050760
1049461
1050117
1055638
1049592
1050576
1051061
1049350
1050187
1050433
1049868
1050345
1051573
1049801
1050393
1050346
1049024
1049946
1049397
1049925
1049823
1050132
1049384
1508453
1050112
1050002
1049602
1049597
1049452
1049608
1049577
1050050
1050435
1049394
1050268
1050209
1051910
1051504
1050762
1050676
1049606
1050243
1050336
1049541
1049255
1050883
1050262
1050128
1049162
1050979
1050148
1050681
1049235
1051129
1051310
1050237
1049134
1050042
1050106
1048786
1049719
1050029
1048995
1049781
1049900
1051329
1051932
1049581
1049508
1050387
1049997
1050743
1050151
1050374
1049192
1050023
1050150
1050230
1049076
1050740
1050667
1029562
1049780
1050036
1050261
1050606
1050293
1050159
1048891
1049750
1049389
1049248
1050164
1051531
1051599
1050712
1050696
1049343
1050103
1050287
1050466
1049777
1051164
1050158
1050270
1049392
1049945
1050227
1050437
1049274
1050902
1051575
1049590
1049970
1048801
1050150
1049764
1049912
1050322
1049039
1050258
1055397
1051289
1050962
1052653
1049429
1050196
1050660
1049438
1049919
1050089
1050389
1050852
1054697
1050143
1049244
1050075
1051202
1049766
1049623
1050823
1049171
1050221
1051540
1049276
1090304
1050096
1050067
1050488
1049090
1050970
1050970
1049179
1059213
1051086
1049733
1051376
1050464
1049100
1050850
1050701
1050790
1050830
1049511
1049847
1049258
1049999
1050803
1050987
1049281
1049848
1049190
1051683
1051105
1049342
1050967
1050960
1049734
1050089
1051280
1018432
1050274
1050332
1048967
1050048
1049213
1049836
1049125
1050276
1049027
1050702
1049537
1051115
1051220
1050782
1049261
1050412
1051321
1049233
1049775
1050388
1049180
1051454
1051904
1051268
1050566
1050245
1049417
1049645
1048798
1050018
1048986
1049992
1051693
1049553
1050508
1051786
1049188
1049871
1049517
1050147
1050630
1050394
1049095
1051049
1050763
1049841
1050267
1049076
1050670
1049584
1050193
1049101
1049910
1051549
1049604
1050482
1050982
1049948
1051036
1050541
1049092
1050597
1050995
1049343
1049955
1050389
1051397
1049601
1049828
1049180
1049922
1049185
1050784
1050759
1049283
1051361
1051981
1051469
1049212
1037688
1050238
1050262
1049285
1052282
1050416
1050290
1049188
1050158
1051762
1049658
1050989
1050430
1049035
1050064
1049071
1050037
1049315
1050907
1052365
1051451
1049326
1060689
1049943
1049067
1050299
1050976
1049465
1050958
1050734
1049263
1050949
1051009
1049295
1050193
1049152
1050206
1049224
1049832
1049629
1049022
1049949
1051893
1051173
1051206
1051502
1050116
1050248
1050439
1049159
1050237
1050693
1049024
1051002
1049628
1050576
1050736
1049279
1050489
1050753
1050501
1049275
1050033
1049281
1051954
1050903
1049240
1049824
1051294
1051331
1051009
1049311
1051763
1049851
1051469
1051116
1049141
1050364
1049346
1050326
1016306
1050967
1049586
1049861
1051300
1049602
1051787
1051184
1050351
1050890
1051154
1049306
1050268
1051052
1050947
1051010
1049506
1050500
1049196
1050104
1049120
1050157
1049178
1050893
1051488
1049562
1055062
1051107
1049296
1051279
1059395
1049344
1049947
1050651
1049166
1050283
1051385
1051017
1051088
1050960
1049439
1050314
1049164
1049789
1049034
1050348
1049856
1051717
1051102
1050947
1051702
1050513
1050474
1049182
1050284
1051338
1049222
1050369
1049418
1050178
1049098
1049797
1050985
1051234
1049420
1049450
1048992
1050297
1052032
1051048
1049351
1050151
1050795
1049471
1049945
1051883
1051387
1050784
1050933
1049109
1020311
1050381
1050305
1049245
1050269
1049091
1051225
1049563
1050146
1051131
1051120
1049023
1052719
1050492
1051057
1049427
1051004
1050261
1049150
1050735
1051702
1049567
1049823
1049648
1049102
1050281
1049039
1049919
1049132
1051093
1056026
1051390
1049311
1050328
1050969
1051387
1049374
1049763
1050904
1049072
1050793
1050846
1051534
1049801
1050905
1049436
1049754
1050541
1048991
1049849
1050949
1052588
1051163
1049250
1054112
1051795
1049601
1050815
1050521
1049307
1050993
1050636
1049750
1048968
1049926
1049268
1049764
1050852
1051232
1050536
1049237
1051355
1050774
1049229
1050468
1050591
1051988
1049765
1050728
1050727
1008055
1049600
1050353
1049268
1049859
1050788
1049969
1049779
1048925
1049812
1049189
1053024
1050664
1051145
1051177
1049339
1049737
1050317
1049107
1050437
1050978
1049355
1049755
1049496
1050053
1050884
1051056
1049560
1050472
1049058
1052521
1050717
1049110
1050198
1051347
1049083
1052189
1051718
1049577
1049598
1050646
1049397
1049264
1049104
1050298
1049329
1049458
1048960
1051308
1050664
1049155
1052770
1051732
1049135
1050911
1050717
1049025
1050515
1050659
1049186
1050756
1050640
1049370
1050044
1049162
1049882
1048994
1050119
1049011
1049267
1052507
1051610
1049661
1050178
1049027
1050102
1051099
1049160
1049427
1050573
1037246
1050415
1049277
1049378
1049794
1050790
1048760
1049835
1049614
1048791
1049623
1051448
1050663
1050693
1049185
1049415
1050887
1049421
1050235
1050987
1049594
1049644
1048771
1050107
1049149
1049439
1048806
1049755
1050921
1051131
1052727
1049513
1050212
1051291
1049032
1049948
1050635
1048974
1049999
1050848
1051123
1049223
1050107
1049543
1050013
1049267
1049134
1048990
1050013
1052136
1049720
1049888
1051209
1049562
1050089
1050909
1049120
1049983
1050755
1050790
1049074
1049885
1049006
1050368
1049122
1050390
1049640
1049985
1049154
1050631
1049653
1049988
1052922
1048995
1049608
1050644
1049214
1050652
1051755
1050982
1047402
1050350
1051107
1049147
1049548
1061059
1050050
1049087
1050048
1050776
1052175
1050879
1050833
1049109
1049992
1051923
1049408
1050427
1051563
1049331
1050142
1051141
1049450
1049507
1049237
1050038
1049144
1050012
1049177
1050371
1054288
1049692
1050580
1051406
1049438
1050118
1050782
1049247
1050036
1050757
1049473
1050253
1049213
1049969
1049277
1051080
1051157
1049457
1050111
1049152
1051350
1051014
1050772
1049245
1050218
1050730
1049205
1050196
1050351
1051001
1051634
1049713
1050278
1049213
1050391
1050079
1048933
1049937
1049106
1050281
1052081
1051211
1049328
1050764
1050901
1049057
1050550
1050455
1049209
1051071
1030561
1050533
1050801
1050872
1049308
1050149
1049092
1050163
1049245
1049653
1052093
1049584
1049979
1051591
1049410
1050576
1050439
1049101
1050966
1051133
1049183
1050382
1049091
1049313
1049092
1049841
1050864
1051115
1049297
1051550
1051352
1053096
1049322
1050087
1053586
1050645
1049168
1052825
1050498
1050772
1052043
1049581
1050153
1049265
1049874
1049161
1049285
1050628
1049224
1051039
1049652
1052805
1051574
1049103
1050828
1051846
1049034
1049686
1050525
1049380
1050964
1050245
1049034
1050903
1049623
1049808
1049204
1050018
1049283
1049013
1050472
1051978
1049586
1050409
1051129
1050889
1051846
1051335
1049249
1050431
1014976
1049137
1049614
1048928
1049494
1049064
1050752
1049281
1050248
1049235
1051203
1051328
1052098
1049338
1049784
1052069
1049299
1049851
1050570
1049072
1050856
1051683
1049469
1049241
1049128
1050108
1048996
1049333
1050702
1049041
1051332
1051356
1049417
1050141
1050575
1049295
1050146
1050788
1049156
1050468
1049598
1050671
1049882
1049986
1050933
1051004
1050281
1049114
1049796
1048981
1049954
1053932
1049543
1050572
1051820
1051693
1051273
1050604
1049726
1049574
1643537
1050040
1050029
1049855
1049869
1049393
1049921
1049624
1048233
1049377
1050762
1049875
1049679
1049078
1049713
1049844
1049764
1051285
1050257
1049090
1049815
1049297
1050008
1050149
1050616
1050820
1050712
1049057
1055160
1051508
1051079
1050034
1050627
1050092
1050082
1048712
1050340
1050167
1050309
1048887
1051476
1051004
1050998
1049335
1051040
1049610
1049494
1049710
1048867
1049599
1050352
1049218
1049467
1050101
1050564
1051396
1051042
1049023
1052143
1051421
1050424
1049204
1050437
1049806
1050072
1048936
1050395
1050662
1051114
1048998
1050246
1051879
1050770
1050237
1051618
1049706
1050029
1049242
1050218
1050195
1048861
1049607
1050586
1048942
1051806
1050669
1048992
1051326
1045505
1050555
1049045
1049643
1050060
1050317
1048781
1050150
1051015
1050341
1049270
1049912
1074752
1051448
1050165
1049220
1051028
1050433
1050647
1049127
1049645
1048938
1050205
1049821
1049534
1051188
1051506
1049187
1051018
1050811
1049211
1050289
1053427
1050716
1049192
1049765
1051254
1049447
1050195
1049261
1049724
1048900
1049815
1048863
1049902
1048862
1051243
1052024
1051387
1049165
1050280
1050426
1049104
1052209
1050506
1049165
1050756
1051042
1049239
1050724
1049529
1049729
1049588
1050185
1049158
1049897
1049136
1050695
1055284
1051072
1049228
1050981
1051068
1050037
1050982
1051110
1049209
1050563
1050972
1049447
1050220
1049802
1050527
1049179
1049731
1050735
1050925
1049289
1049810
1049193
1049724
1051951
1050414
1050799
1053888
1049200
1049768
1053530
1050975
1033867
1050153
1053115
1049298
1050542
1051337
1049318
1050005
1049557
1050109
1050852
1049338
1049977
1049259
1051363
1051095
1050599
1050711
1049203
1050311
1050626
1049014
1050833
1050481
1049231
1050699
1049581
1049655
1048905
1050109
1048879
1049912
1049252
1050710
1051060
1049220
1053016
1050943
1049011
1050454
1051341
1049135
1050832
1050790
1049154
1050654
1051660
1049892
1050112
1049116
1049102
1050517
1049196
1049422
1049071
1049872
1051538
1049828
1050731
1051885
1049328
1049747
1049182
1050241
1050097
1048862
1050305
1050405
1048767
1050293
1049435
1050368
1049305
1049869
1048989
1049895
1052795
1049675
1050045
1050642
1039755
1050371
1051131
1049541
1051461
1051563
1050935
1048994
1050114
1049366
1049505
1048673
1049843
1049034
1050486
1049613
1049483
1049005
1054809
1050352
1049097
1050259
1050073
1048936
1049917
1049688
1048667
1049688
1051269
1049463
1061514
1048985
1049231
1048755
1048979
1048894
1049226
1048570
1053199
1051618
1049525
1049849
1050491
1049286
1050379
1050678
1049068
1050316
1050298
1048853
1050568
1049376
1050138
1049264
1050053
1049119
1050239
1049275
1049867
1051755
1049565
1050504
1051711
1049510
1050369
1050035
1050190
1048842
1049914
1050674
1049218
1050896
1049426
1050110
1049277
1050941
1049642
1050535
1049240
1049898
1050629
1053213
1051316
1051511
1061125
1049927
1049605
1049827
1050040
1051232
1049571
1050351
1051798
1049507
1050355
1051473
1051191
1049359
1050790
1050827
1049016
1051300
1051242
1049446
1049509
1050267
1050806
1049769
1051014
1049349
1049864
1051241
1051115
1049412
1052146
1050824
1049233
1050060
1051928
1050050
1050306
1050264
1049167
1050873
1049494
1049930
1049287
1049904
1049179
1049979
1050053
1050908
1049414
1051197
1051510
1049248
1050860
1050735
1050181
1050859
1050719
1049933
1050584
1050964
1051491
1050797
1049207
1049618
1050169
1049651
1050183
1049175
1049804
1050757
1050805
1050900
1049355
1049795
1050424
1050796
1049404
1050209
1050360
1049087
1061707
1051560
1049633
1050617
1051029
1049245
1050140
1049283
1049984
1049158
1050003
1049009
1053764
1051227
1049179
1049463
1051663
1051198
1049489
1050124
1050606
1048957
1050843
1050259
1050571
1048991
1050390
1049089
1050355
1049454
1050275
1049193
1049859
1053025
1049713
1050138
1051070
1050644
1049432
1049926
1050262
1050717
1051631
1051305
1049570
1050041
1049049
1050156
1049105
1049146
1050146
1049341
1051076
1052193
1049599
1050238
1053088
1049829
1051065
1049095
1051319
1050116
1049120
1051050
1049581
1050988
1050751
1049317
1049853
1049616
1048762
1050295
1049257
1050251
1052690
1049551
1049988
1051415
1049472
1050809
1052768
1049478
1050073
1051510
1049685
1050875
1050729
1048974
1049556
1050636
1050948
1049338
1050156
1049084
1049722
1029443
1050229
1050271
1050949
1049457
1050274
1050655
1051038
1050976
1049361
1051154
1050903
1050398
1049370
1049854
1049065
1050452
1049093
1051237
1049657
1050261
1053000
1049578
1050160
1051581
1049355
1050051
1051376
1049209
1050013
1050478
1051829
1051039
1049278
1050031
1049078
1049982
1049350
1050064
1049038
1050057
1049116
1051014
1051698
1051182
1049153
1050659
1049271
1049812
1050522
1048955
1050944
1050926
1049223
1048960
1050500
1050766
1051457
1049358
1050092
1048835
1050169
1050875
1049270
1051645
1049991
1050959
1049008
1050105
1051137
1049462
1051100
1049606
1050410
1049224
1050007
1049070
1049934
1050810
1049001
1026554
1049753
1051281
1051173
1049192
1050689
1051043
1049177
1050555
1050969
1049198
1049949
1050687
1051152
1050955
1049335
1049918
1049113
1049843
1049749
1050703
1049346
1049736
1050878
1049521
1051373
1051344
1051040
1049413
1050268
1053337
1050454
1050715
1051062
1050818
1049239
1049734
1050912
1050631
1049264
1050177
1050297
1050785
1051176
1052370
1049490
1050570
1050829
1049230
1050606
1051367
1051253
1049589
1051254
1050816
1049219
1049774
1050078
1049627
1050259
1049079
1050229
1050810
1049265
1052794
1050116
1049463
1053315
1051096
1050421
1050467
1052421
1049122
1050702
1049666
1050090
1050865
1051142
1049549
1050255
1014675
1049608
1050343
1049045
1050986
1051178
1050859
1049372
1050172
1050349
1050699
1049293
1049521
1050803
1049638
1050644
1049371
1050171
1051658
1049700
1050588
1049281
1049953
1050033
1049167
1050190
1050681
1049522
1050511
1051161
1049368
1050672
1061822
1050844
1049263
1050435
1051055
1050850
1049237
1050040
1049232
1049857
1051186
1051947
1049463
1049982
1051711
1049560
1050472
1051864
1050308
1049055
1049907
1051425
1054352
1050397
1050830
1050987
1050729
1048927
1049097
1049494
1049863
1049453
1048738
1049012
1048861
1050606
1051910
1051499
1049195
1050235
1051030
1050455
1049218
1050425
1050224
1050439
1050401
1049461
1021725
1051064
1051472
1049458
1049474
1049231
1049999
1049368
1051677
1051184
1050942
1050659
1049116
1051426
1051280
1050220
1050419
1049098
1050240
1050162
1051245
1049560
1050269
1050468
1050199
1050869
1051256
1049333
1050011
1049036
1050545
1050233
1050980
1051436
1049159
1050406
1050839
1049508
1050031
1050856
1050924
1050697
1049965
1060178
1050387
1049032
1049579
1050765
1049209
1050079
1050810
1054174
1050876
1049282
1050195
1051170
1050305
1050642
1050622
1049192
1050373
1051027
1049389
1051009
1050989
1050617
1050310
1048963
1050284
1049108
1050018
1051892
1050368
1050084
1049155
1050800
1050892
1050795
1051953
1049120
1010735
1049721
1050898
1049379
1049612
1049315
1050584
1050934
1050157
1050251
1048955
1049905
1049150
1050922
1052942
1050849
1049064
1051553
1050750
1049140
1050700
1051041
1050748
1052387
1050615
1051166
1049307
1049891
1049122
1049787
1049264
1049683
1050609
1050689
1049071
1051431
1051304
1049097
1050339
1051452
1051029
1049141
1050300
1050667
1049025
1051386
1050914
1049554
1049961
1049221
1050031
1049264
1049834
1049174
1049959
1050684
1051678
1051957
1050969
1051468
1050859
1049233
1049952
1050358
1050310
1050522
1050848
1051311
1296168
1049978
1050349
1049873
1049543
1050296
1049868
1051231
1049510
1049529
1049825
1050166
1048867
1049897
1050665
1051995
1051777
1049291
1049890
1050572
1050274
1050403
1048974
1049858
1050433
1055805
1049691
1025059
1051811
1053859
1049211
1050109
1050115
1050612
1050277
1050538
1050129
1050523
1049345
1049804
1050537
1050765
1051165
1051245
1049632
1049527
1050533
1049639
1050200
1050377
1049130
1049553
1050118
1048975
1050471
1051274
1050219
1050252
1050352
1050955
1050625
1049020
1058657
1051007
1050551
1049027
1051519
1050995
1050584
1048945
1050856
1050680
1048983
1049785
1051464
1049698
1050197
1049788
1050567
1050203
1048951
1049698
1050188
1048886
1054953
1051260
1109372
1050997
1051311
1049355
1049817
1050323
1050063
1052684
1050914
1050648
1049062
1051067
1095767
1049344
1050098
1050552
1051018
1050970
1048965
1049945
1049674
1049374
1052574
1050706
1048931
1050246
1049317
1050915
1051604
1050800
1049227
1050393
1050274
1048943
1050796
1049589
1049983
1049452
1050149
1050824
1051016
1049255
1049979
1049200
1050006
1051649
1049647
1050138
1049415
1050693
1049280
1050852
1050201
1050669
1050591
1049301
1049916
1050740
1050827
1050200
1050287
1049066
1050973
1049606
1049985
1048817
1049440
1049751
1051387
1049146
1049362
1049171
1049888
1050440
1049129
1050511
1050932
1049298
1054429
1049227
1049804
1049121
1050005
1049111
1049684
1049058
1050391
1052355
1051144
1049056
1050481
1050666
1049170
1049979
1049599
1050307
1050703
1049291
1050628
1050804
1050953
1049163
1050325
1048942
1049823
1049977
1049174
1049681
1051570
1049795
1050402
1050774
1050839
1052908
1050751
1048938
1049849
1050189
1049151
1050833
1049618
1049955
1049021
1051421
1049752
1049958
1049167
1050263
1050266
1051497
1050285
1049216
1049764
1053029
1049370
1050966
1051979
1049106
1050585
1050048
1050892
1049106
1050214
1049559
1050153
1049102
1050989
1049645
1050085
1049093
1051204
1050176
1050797
1050723
1049241
1051800
1050686
1049235
1045964
1050963
1051027
1050970
1049362
1049546
1048701
1049355
1048914
1049320
1048778
1052432
1051208
1050845
1051285
1049412
1050506
1051567
1049139
1050659
1050931
1051093
1049283
1050696
1049403
1051321
1049573
1049175
1051107
1049083
1050141
1051555
1049862
1049919
1051127
1049259
1050337
1050170
1050513
1050770
1050305
1049012
1050459
1049449
1049495
1048926
1049187
1050178
1048940
1050761
1049663
1049612
1051472
1049517
1049735
1052229
1049172
1049652
1050695
1049106
1049917
1050067
1049394
1050442
1049304
1049620
1049016
1049559
1048936
1049475
1048647
1049448
1051421
1051777
1049483
1050457
1050999
1053423
1050150
1048873
1034896
1050965
1048954
1049526
1264920
1050035
1048963
1050710
1049584
1049545
1048827
1051166
1050305
1049035
1050290
1049789
1048812
1050077
1049687
1049594
1051064
1049423
1049014
1048822
1048881
1048642
1048883
1049413
1048837
1048989
1054220
1049736
1049270
1050152
1049300
1049108
1050109
1049115
1049543
1050627
1050134
1048934
1049142
1050611
1049968
1048802
1049140
1048615
1048910
1048735
1049832
1051299
1049350
1049140
1051075
1050904
1050175
1050048
1050881
1049806
1048763
1049303
1050227
1048724
1049218
1048713
1050658
1049528
1049208
1048650
1048954
1051337
1049699
1050609
1050176
1048800
1059581
1050071
1048926
1051059
1050147
1048966
1050600
1061262
1048878
1050334
1049165
1050215
1049397
1051156
1049549
1051250
1051078
1049088
1052600
1050391
1049174
1049928
1050571
1049083
1050740
1050547
1049095
1049536
1051029
1049237
1050338
1049049
1048528
1049728
1051600
1049646
1050219
1050781
1049310
1049987
1051436
1049515
1050146
1051479
1049563
1050576
1049582
1048732
1050316
1049264
1050572
1049554
1050691
1051737
1049592
1051474
1050964
1049326
1050361
1051159
1049508
1050082
1049300
1049944
1049005
1049355
1051316
1049178
1050071
1050008
1052086
1049670
1050549
1051071
1049296
1050291
1053684
1049110
1050223
1050665
1025011
1049333
1054543
1049636
1050116
1049263
1050078
1049123
1049709
1050382
1055327
1049748
1050476
1051089
1049359
1051138
1052153
1049211
1050653
1050892
1049515
1050388
1049265
1049652
1049273
1050342
1050663
1050789
1049324
1050045
1051711
1051398
1051049
1050291
1078914
1049916
1049732
1050547
1049428
1050184
1053703
1050660
1051713
1050971
1052423
1049317
1050108
1049219
1052151
1051646
1049521
1049356
1050128
1049152
1051008
1054411
1050665
1048975
1049730
1050419
1051463
1049267
1049452
1050010
1050674
1050150
1049446
1048841
1050367
1051765
1050808
1050497
1049101
1050262
1049200
1050482
1049207
1051243
1051471
1049858
1054327
1050654
1049051
1050478
1050836
1049308
1050243
1049665
1050203
1049319
1049786
1049584
1049932
1049117
1050452
1051185
1051134
1049249
1049592
1033477
1051682
1049527
1050109
1050052
1049637
1050904
1050499
1049857
1051276
1051062
1049364
1049460
1050906
1049386
1050219
1050183
1050036
1048824
1049380
1050555
1050349
1051380
1050289
1048966
1049868
1051043
1049264
1050851
1050661
1049922
1048777
1050464
1051232
1049290
1050188
1050905
1050698
1049225
1049561
1048662
1049245
1048844
1051294
1050920
1050719
1051343
1050718
1049182
1050303
1050056
1051297
1050841
1049423
1050425
1049571
1050160
1049074
1050704
1049610
1050647
1049258
1050107
1049113
1054268
1051350
1049407
1050275
1052544
1051487
1053911
1050775
1049277
1051143
1049577
1050396
1049221
1049759
1050564
1049219
1029276
1049132
1051084
1050740
1051045
1051767
1049468
1050479
1050875
1049213
1049894
1050503
1050463
1048916
1051190
1050781
1050660
1050885
1049253
1049939
1049611
1050387
1049174
1049218
1049162
1052694
1051368
1049899
1052783
1051075
1049231
1050382
1050831
1049253
1050755
1049916
1051078
1050641
1051026
1048987
1050309
1050760
1050869
1049197
1049995
1048990
1051475
1049776
1051760
1050856
1050297
1050838
1050734
1051157
1049272
1050222
1051606
1049778
1049912
1049255
1050263
1050383
1049100
1050290
1050505
1051603
1050428
1049140
1051066
1050095
1050410
1050649
1049253
1049948
1050309
1049059
1049968
1050891
1049812
1050909
1032275
1050594
1049139
1049958
1049040
1049772
1049320
1050952
1051348
1050108
1050370
1052495
1050664
1049373
1051522
1050872
1049906
1050895
1051083
1049191
1049870
1050679
1051028
1049187
1050050
1048969
1049919
1049011
1051346
1051737
1049259
1050544
1051725
1049523
1051119
1050517
1049123
1050709
1050674
1050846
1049170
1050308
1049072
1050008
1048942
1050912
1050714
1049194
1049806
1051444
1049631
1051252
1051160
1049192
1050350
1050788
1049173
1049997
1051772
1051380
1049206
1049960
1049609
1050890
1049440
1049859
1049480
1050105
1052844
1051260
1051462
1049273
1050722
1050568
1050129
1050960
1050874
1049922
1051438
1049491
1018291
1049405
1050146
1050670
1050330
1048959
1049598
1049053
1049565
1052057
1051010
1049344
1049721
1051148
1049382
1050667
1051371
1054002
1049516
1050187
1050929
1049421
1050233
1049808
1049149
1049824
1051073
1050309
1051394
1049048
1052345
1050521
1049101
1053444
1050289
1049602
1052568
1049146
1050025
1052210
1051016
1051029
1050326
1049977
1050748
1049009
1049169
1049331
1050133
1049059
1050632
1051425
1049597
1052341
1051120
1050731
1050481
1048959
1050679
1051437
1049203
1049818
1049316
1050801
1049734
1050160
1049486
1049986
1049685
1049275
1051279
1049641
1050999
1050771
1911063
1050723
1049944
1049814
1049486
1049440
1050492
1049601
1049747
1015679
1049748
1049860
1049742
1050761
1051684
1051208
1049495
1049873
1050750
1053103
1049399
1050069
1050207
1050927
1051004
1048950
1056791
1050325
1051356
1051449
1051034
1048999
1049929
1050167
1048883
1051667
1051467
1050308
1048919
1051030
1050482
1050751
1049242
1050899
1052508
1051418
1050296
1049296
1052274
1050733
1050237
1050610
1050887
1050912
1049932
1048961
1049870
1049787
1050774
1050878
1049380
1049329
1050032
1049038
1049859
1050004
1055812
1049682
1049592
1050258
1051848
1049319
1050858
1051536
1050404
1050561
1048970
1049874
1050425
1050024
1048940
1051145
1050958
1050215
1048922
1050292
1049518
1050094
1051674
1020486
1050059
1050747
1049253
1049712
1051785
1050961
1049259
1050014
1050657
1051916
1089398
1049128
1050837
1052382
1050377
1049431
1050426
1051005
1043758
1049853
1050779
1049134
1049748
1050423
1048998
1051148
1049605
1050354
1056032
1049604
1051321
1050806
1048994
1050285
1050547
1049169
1049696
1050761
1048954
1050766
1049631
1049337
1050398
1049028
1049814
1049280
1050099
1049102
1052981
1051023
1049163
1051085
1051777
1049110
1051506
1050927
1049015
1049979
1051067
1049025
1049979
1049350
1050127
1050876
1049955
1049080
1049991
1049079
1049561
1049092
1049863
1055211
1049667
1050970
1051415
1050764
1050960
1050853
1049260
1050410
1050754
1049176
1051202
1049541
1050145
1049152
1050273
1049754
1050859
1049345
1049882
1053878
1049730
1050203
1050124
1048894
1050104
1051323
1028431
1050953
1051028
1049428
1049929
1050764
1051012
1049297
1049532
1050468
1049101
1049872
1050862
1049552
1050016
1051836
1049697
1050086
1050990
1049403
1049985
1050822
1049607
1050475
1051544
1049538
1050226
1049948
1050430
1048926
1049124
1048766
1049829
1049114
1050226
1049788
1051516
1051662
1049611
1050550
1051341
1049231
1049858
1051075
1049166
1049540
1049425
1050838
1049210
1049693
1049852
1049324
1049861
1049105
1049828
1049109
1049952
1051652
1050926
1049046
1050460
1050907
1049722
1050094
1050625
1049121
1050644
1050845
1049134
1049561
1050392
1048933
1050132
1049231
1051709
1049679
1050818
1052279
1049693
1050237
1044939
1049537
1050410
1052611
1050035
1051295
1049438
1050982
1050628
1049142
1049991
1048961
1049024
1050349
1049181
1049784
1051810
1049584
1051148
1051300
1049697
1050584
1049207
1050085
1050642
1050784
1049347
1050511
1049208
1049513
1048579
1050232
1049698
1049671
1048740
1051194
1050657
1048945
1049671
1049382
1048588
1050140
1049640
1050269
1050661
1050508
1048813
1049186
1048859
1050605
1049417
1050056
1048960
1049963
1049876
1052242
1049646
1050330
1051469
1049406
1049748
1051257
1048931
1049922
1050529
1050135
1048859
1050600
1049585
1048773
1048731
1048887
1048586
1048809
1048498
1051147
1050289
1048722
1050992
1050161
1067748
1050006
1050522
1050735
1049542
1050697
1049111
1050106
1049020
1049865
1050757
1050912
1050393
1049206
1052082
1051674
1049619
1050944
1050664
1049045
1050504
1050500
1049336
1050923
1051611
1049402
1050348
1049108
1049969
1048938
1049787
1049346
1050068
1048975
1051151
1051424
1049356
1053528
1050763
1049127
1049931
1050951
1049153
1051435
1051377
1049032
1049542
1050749
1051371
1049431
1050583
1049164
1049815
1049103
1051241
1051023
1049111
1050664
1050586
1050921
1050858
1049904
1048888
1050641
1049537
1049770
1049153
1049915
1049208
1049914
1050813
1050837
1049317
1050035
1051575
1049700
1050871
1050910
1049535
1050328
1021372
1049406
1049895
1051568
1049799
1050831
1049436
1050782
1049146
1050252
1049126
1050247
1050989
1049332
1051317
1051862
1050523
1052969
1050866
1049223
1049863
1051108
1049055
1049998
1049628
1049852
1049042
1050477
1051120
1049193
1050736
1048996
1049991
1049149
1053488
1049885
1050431
1051141
1049428
1050703
1050810
1050848
1052946
1050964
1049476
1050288
1050168
1050022
1049107
1050432
1049182
1051117
1049619
1049990
1053689
1049620
1050458
1050657
1049363
1050208
1050873
1049944
1050137
1050604
1049498
1050426
1049667
1050100
1048987
1050142
1049220
1049853
1048944
1049718
1055220
1049617
1051439
1052877
1050807
1049102
1022408
1050676
1049185
1050268
1050446
1049385
1051008
1049487
1050812
1049627
1050246
1049031
1049847
1049315
1049844
1048952
1051311
1051532
1049260
1050338
1051917
1049567
1050037
1049677
1050301
1050640
1049324
1050244
1049569
1050260
1060340
1050140
1050668
1051269
1049340
1061247
1049343
1055282
1050648
1049587
1050305
1050661
1049206
1050318
1050880
1050938
1049740
1050759
1049208
1050785
1049553
1050438
1049127
1049829
1049222
1049869
1050670
1051077
1049117
1053009
1051824
1049229
1050407
1051016
1049179
1049784
1051140
1049191
1051196
1051155
1049369
1050086
1049037
1049848
1049130
1050435
1049075
1049161
1054835
1049637
1010211
1050700
1051196
1049483
1049251
1050332
1049123
1050301
1050698
1049428
1049632
1048728
1049761
1050559
1050806
1048943
1049311
1048866
1048735
1054977
1050109
1049237
1050530
1049576
1048865
1049627
1048893
1049839
1050922
1049349
1049870
1048967
1049820
1049138
1049204
1050631
1049181
1050592
1049426
1051167
1051568
1049283
1051516
1050971
1049196
1049785
1049707
1049885
1050624
1049452
1050975
1049458
1050108
1048942
1049402
1048851
1049107
1048613
1048858
1051287
1049666
1006324
1050423
1050948
1049772
1049754
1049093
1048868
1050205
1049584
1049455
1048809
1050079
1049122
1050810
1049539
1049806
1049009
1050052
1054375
1049582
1049693
1052007
1049285
1049244
1051055
1048804
1050628
1050445
1049831
1048661
1049278
1048895
1049956
1049209
1049390
1049131
1050651
1049644
1051365
1049851
1048792
1053374
1049566
1048593
1049943
1049747
1048821
1050456
1050870
1049283
1049608
1050364
1048918
1049870
1038274
1050826
1049374
1049324
1055523
1049509
1049010
1016372
1051159
1049998
1050163
1051401
1049306
1048829
1050407
1050334
1048877
1049946
1049360
1050352
1049570
1049860
1051837
1050017
1050712
1050808
1049141
1050066
1052779
1048980
1050279
1051061
1049426
1050589
1049787
1050044
1049039
1049723
1049122
1049733
1049018
1051304
1050134
1050484
1050656
1049133
1049873
1050337
1048993
1049577
1050648
1049364
1049391
1048882
1049321
1050561
1050801
1049664
1050024
1049065
1049641
1051798
1093258
1051709
1065539
1049846
1050611
1051866
1051437
1051491
1052645
1049141
1050045
1049350
1050840
1050659
1049678
1050160
1048641
1050226
1049329
1049367
1048747
1054174
1051355
1049459
1052265
1050314
1048963
1050171
1050165
1050208
1051330
1051086
1049223
1049263
1049435
1048560
1048722
1048788
1049228
1048828
1051569
1049998
1050912
1050980
1026463
1050431
1049011
1049676
1049981
1052208
1048943
1049680
1050088
1050329
1049005
1050260
1049650
1049018
1048646
1048702
1048757
1048701
1048562
1051099
1050388
1048802
1050699
1050203
1049509
1050085
1049832
1048925
1050278
1049875
1048682
1049460
1049052
1049889
1048943
1050399
1049535
1049976
1052975
1049514
1050015
1051038
1050242
1050185
1049131
1049907
1049844
1049011
1050047
1051189
1050135
1050562
1051628
1049032
1050175
1049160
1050428
1049091
1050223
1050568
1051269
1012158
1049890
1049778
1052812
1050204
1053599
1050143
1048744
1050316
1050840
1048954
1050882
1049562
1049742
1048866
1048846
1048799
1048916
1048732
1051155
1050287
1048848
1051509
1050243
1049642
1049384
1050646
1050167
1050409
1049372
1050189
1049377
1049721
1049133
1049968
1050286
1051396
1049263
1049928
1051445
1049622
1050263
1050571
1049440
1050653
1053634
1049206
1050065
1051096
1049394
1049297
1050705
1048918
1049705
1048968
1049714
1049052
1049828
1050588
1051917
1051350
1050210
1050876
1050840
1049173
1049673
1049218
1049844
1050572
1049320
1050416
1050958
1050903
1050748
1049097
1049687
1049054
1050498
1049003
1051134
1049442
1049643
1049901
1049779
1049243
1050617
1050075
1049367
1049247
1050155
1384214
1050773
1049879
1049558
1051569
1050807
1050564
1049658
1050767
1051620
1052054
1049353
1050679
1052357
1050349
1049276
1050195
1049876
1050352
1049673
1050910
1050665
1050953
1049009
1049307
1049621
1048874
1049549
1049302
1051965
1049732
1049924
1050303
1050649
1050810
1050309
1049602
1050977
1050262
1048676
1049549
1050855
1050270
1044324
1049387
1050986
1049821
1049447
1050621
1050888
1050523
1049581
1050386
1048919
1049588
1050074
1048965
1049654
1051919
1051310
1049071
1049695
1051493
1051968
1049693
1049781
1050483
1050187
1048834
1049555
1052044
1050707
1049103
1049341
1050550
1049572
1049952
1050037
1050349
1050391
1050065
1048981
1049869
1049941
1048926
1049317
1050183
1054271
1049633
1049901
1054990
1050161
1048995
1050229
1050452
1051633
1049386
1049524
1050086
1050447
1049270
1049632
1049925
1050875
1050212
1049457
1048874
1049068
1049546
1049541
1049917
1049794
1049660
1050411
1050573
1049082
1051180
1050668
1050132
1049184
1049640
1050454
1051112
1040401
1050545
1050201
1050565
1050190
1050763
1050787
1050145
1048864
1050638
1050985
1049054
1049777
1050661
1050640
1050182
1049996
1048850
1049608
1048990
1052641
1051285
1049070
1050287
1049920
1050697
1051119
1050699
1048966
1050003
1050552
1048980
1051313
1049490
1049526
1049210
1049724
1050502
1049496
1049698
1049030
1049696
1049805
1050871
1048917
1050104
1050094
1049089
1050260
1050913
1050631
1049271
1049120
1050111
1049553
1049187
1048509
1048817
1048614
1048892
1048726
1005730
1049405
1049142
1051489
1050283
1049412
1052348
1049247
1048974
1050560
1049008
1048976
1050405
1051011
1049803
1048791
1048915
1048814
1048848
1048644
1048977
1048656
1048881
1050466
1051241
1050028
1048642
1051582
1049701
1048772
1050377
1049581
1048766
1050080
1049266
1049212
1050500
1050121
1048755
1049008
1048738
1048710
1049183
1049011
1051477
1049671
1049174
1052325
1050810
1049828
1052718
1049202
1052174
1049593
1048879
1050237
1049944
1048880
1049096
1048714
1050340
1024474
1049359
1049723
1049574
1049496
1051448
1049549
1049271
1052649
1049123
1049026
1050031
1049794
1050965
1049321
1050810
1049717
1048870
1050219
1049405
1048956
1048806
1049003
1050780
1049905
1050219
1049934
1051110
1054829
1049322
1049167
1053271
1049147
1049266
1050656
1049781
1048840
1050317
1051090
1050082
1048919
1048984
1049232
1049476
1048739
1049103
1051337
1050301
1048835
1054038
1051442
1050029
1048889
1049945
1050061
1048834
1050338
1049363
1049542
1049003
1049256
1056417
1050311
1048786
1049232
1048874
1049089
1054506
1049639
1050448
1049026
1049280
1050477
1050634
1049344
1050145
1050036
1048771
1050605
1049539
1037604
1049556
1049411
1048885
1049470
1050690
1051322
1049196
1050485
1050716
1050157
1049256
1050448
1049344
1050210
1050787
1049113
1050018
1050830
1049317
1049964
1049013
1049843
1050659
1050446
1049114
1049695
1048836
1052910
1050803
1050525
1051199
1050967
1049124
1049876
1049310
1050042
1050576
1049417
1050209
1049376
1049874
1049943
1050887
1049028
1049886
1050268
1053772
1051151
1049191
1050263
1049432
1050374
1050944
1051752
1052109
1051273
1048995
1050450
1049468
1048926
1048531
1048664
1048570
1048632
1048610
1050747
1049380
1050247
1052104
1049450
1049762
1052689
1049046
1050364
1052390
1049176
1050327
1050721
1051632
1038491
1050503
1049262
1049902
1051192
1050140
1049277
1050344
1049161
1051189
1051521
1049500
1052679
1054420
1049207
1049287
1052396
1049101
1050183
1050653
1050799
1049355
1049776
1050624
1049369
1049976
1049156
1049921
1049144
1050148
1051525
1049714
1050362
1050981
1049521
1051111
1050739
1050745
1049229
1051162
1049484
1050089
1049320
1050043
1049228
1049925
1051347
1051228
1049287
1051301
1050103
1049044
1049494
1050624
1049307
1050103
1052161
1049066
1050371
1050952
1051375
1049312
1050228
1049108
1050758
1049695
1050175
1049027
1049925
1051766
1051169
1050946
1051016
1049318
1051973
1050762
1049258
1050693
1050745
1049050
1038257
1050428
1049780
1050465
1050451
1049224
1049809
1049079
1049687
1049081
1051112
1051234
1049210
1050395
1051371
1050800
1051073
1049252
1050316
1050587
1051281
1049362
1050049
1050024
1048934
1049949
1050853
1051160
1049251
1050435
1051821
1050837
1048955
1050372
1050137
1051890
1049050
1049999
1050704
1051032
1051011
1049046
1050329
1049122
1049299
1048789
1050038
1049125
1049219
1053776
1050614
1051412
1049296
1051749
1050293
1048973
1049910
1049903
1050736
1049372
1050416
1049114
1050248
1050820
1050586
1048867
1049777
1048866
1049261
1049757
1050705
1049036
1048950
1051620
1049110
1049238
1051481
1049507
1050505
1050753
1029802
1048963
1049658
1048633
1048979
1048926
1048843
1050370
1050588
1048955
1054410
1052778
1051413
1049224
1049878
1050786
1049326
1050258
1050455
1048959
1050377
1051303
1049586
1049358
1049079
1049251
1048820
1049535
1049022
1049414
1053202
1049778
1049643
1052534
1049029
1049228
1051877
1060839
1049085
1051062
1049244
1049346
1049258
1051581
1050818
1051459
1050262
1049069
1049984
1048934
1050158
1052512
1049718
1050341
1051213
1050750
1051622
1049332
1051794
1051118
1049196
1049856
1050575
1048896
1049813
1049197
1049266
1050446
1049405
1049135
1048818
1048852
1051270
1049696
1049536
1050976
1049402
1049204
1050208
1050857
1045451
1051146
1049481
1050199
1049188
1050383
1049068
1050039
1049050
1050266
1050920
1051089
1049907
1050806
1051009
1049184
1050492
1051500
1049186
1050243
1051006
1049309
1051204
1051494
1051378
1049390
1050083
1049197
1050539
1049101
1049858
1049395
1052582
1051091
1049249
1050949
1051123
1049150
1051285
1049987
1049007
1050694
1050638
1049114
1049212
1048759
1049346
1050828
1050936
1049303
1049551
1048874
1051150
1051639
1049215
1050836
1050572
1048861
1049595
1050216
1050537
1050488
1049431
1049614
1048732
1049108
1048762
1048844
1048633
1049276
1050522
1050743
1054602
1049672
1049774
1050737
1049299
1050026
1050273
1049008
1030971
1050501
1050217
1048962
1049934
1049559
1050504
1049200
1049282
1048784
1050420
1049017
1050495
1050985
1049126
1050123
1058008
1049581
1050228
1050753
1049156
1049955
1050474
1049964
1049034
1049832
1049073
1050441
1049556
1050394
1049304
1049984
1051657
1049583
1050172
1049546
1050709
1051127
1049480
1049857
1050772
1050917
1051128
1050969
1051023
1049018
1049225
1049033
1049765
1048917
1049829
1050599
1051100
1051702
1049452
1050133
1050621
1049354
1050501
1050700
1049087
1049786
1050765
1049243
1050162
1050001
1051060
1049219
1050046
1050259
1049066
1050375
1051892
1051152
1049327
1049867
1050778
1050769
1050866
1050533
1035694
1050156
1050724
1049288
1050453
1049282
1049891
1049009
1051373
1049495
1049979
1049007
1051805
1051524
1051735
1049232
1050514
1050761
1049373
1050351
1052585
1049407
1050805
1051076
1050603
1049134
1050123
1049088
1050035
1049208
1050130
1049238
1051774
1054067
1049539
1049430
1052031
1049251
1049339
1050645
1049213
1049955
1050036
1051730
1049217
1050736
1050427
1049039
1050399
1049060
1049976
1049213
1049980
1051606
1050946
1049320
1051534
1051529
1049637
1050620
1050460
1049187
1050166
1050689
1050928
1049293
1050133
1049144
1051229
1050594
1049014
1050022
1049230
1049667
1051626
1049633
1050135
1052233
1049342
1049872
1032658
1051063
1051190
1050918
1050298
1049466
1048873
1049956
1048849
1049128
1048878
1049491
1049675
1051918
1050396
1048764
1050065
1049557
1048747
1050450
1049472
1049220
1050207
1049658
1048769
1050666
1049464
1049874
1049303
1050076
1049174
1049677
1048940
1053431
1051094
1051868
1051251
1049211
1050382
1050386
1048792
1050443
1049645
1048820
1050872
1049544
1049131
1048731
1050241
1049796
1049176
1049559
1048803
1051173
1050738
1049160
1050343
1051059
1049676
1050648
1051206
1049665
1050346
1050752
1049409
1050397
1049376
1049911
1048904
1049267
1051205
1050757
1050527
1051679
1049605
1049631
1050313
1053327
1051871
1051333
1043706
1051079
1050921
1049082
1050544
1049503
1050248
1049231
1052083
1050826
1049038
1050468
1049357
1050703
1049758
1048909
1051480
1052548
1050959
1049254
1050460
1050421
1050494
1050688
1049930
1050158
1050436
1050339
1050745
1049970
1048820
1050135
1051629
1049635
1049766
1049760
1049015
1050578
1961157
1048973
1049437
1049888
1049604
1050007
1049956
1051435
1049540
1050940
1051677
1049855
1049075
1050032
1050961
1050598
1049013
1049984
1053264
1050290
1049291
1050076
1051552
1049815
1051366
1050861
1050421
1049243
1049402
1050473
1049964
1049482
1050543
1049217
1051576
1051052
1048980
1053235
1050480
1050436
1050255
1048904
1049464
1050589
1051431
1049235
1049549
1053096
1050756
1050388
1049903
1048894
1050687
1051079
1050468
1048717
1049672
1050437
1049030
1050363
1049516
1048708
1049480
1049588
1039115
1055612
1051271
1050956
1049526
1049634
1049893
1049143
1048833
1053072
1050412
1049347
1053234
1049862
1048853
1050251
1049870
1049592
1049027
1050458
1050825
1048894
1049263
1049391
1049261
1048575
1049468
1049946
1053806
1049831
1049426
1050151
1048985
1050768
1052188
1050630
1049968
1048954
1050988
1050133
1049575
1048941
1050475
1050740
1049395
1048562
1049205
1054061
1050657
1050673
1049633
1048933
1049197
1050546
1049133
1049907
1051792
1051540
1049447
1049991
1051122
1049830
1049188
1050752
1051559
1051507
1049301
1050677
1050735
1049740
1050259
1050636
1050733
1050557
1049177
1050389
1050265
1049678
1050706
1050698
1009435
1051095
1049340
1051339
1050980
1051452
1049262
1050514
1051178
1049447
1051367
1052220
1050759
1049180
1049964
1050811
1049390
1050133
1049320
1049826
1049065
1049954
1050728
1050041
1049104
1049970
1051359
1050708
1049267
1050159
1049209
1049399
1051066
1049280
1050075
1051109
1049375
1051046
1049487
1050593
1049032
1050010
1049743
1050257
1049038
1050010
1051576
1049597
1049530
1050861
1049290
1050033
1050760
1049199
1049541
1050144
1048983
1050133
1050676
1051321
1049445
1049567
1049247
1049359
1048743
1049595
1049233
1049241
1048786
1050762
1051039
1050203
1048965
1050398
1049348
1050286
1050635
1048989
1049472
1050536
1047897
1049432
1049295
1050514
1049418
1050633
1049276
1049263
1050524
1050322
1049146
1051155
1049998
1051079
1051362
1049630
1049973
1050510
1049340
1050034
1050648
1049375
1050274
1050920
1050809
1049220
1050824
1049547
1050240
1049112
1049917
1112631
1051395
1049525
1049878
1050577
1049296
1053069
1050708
1049594
1050986
1050893
1050075
1051572
1049254
1053411
1049682
1048862
1049983
1049457
1048761
1049682
1049499
1050567
1051834
1050913
1049257
1052920
1050441
1049257
1053576
1050220
1049130
1052005
1050917
1049863
1052058
1049463
1049457
1049827
1048731
1050069
1049062
1050025
1049180
1050664
1052216
1050113
1050358
1052230
1049843
1051026
1049152
1052573
1049829
1048841
1050204
1050500
1048981
1051186
1049554
1049925
1049272
1050580
1049153
1049203
1048726
1049160
1048764
1018709
1051637
1049528
1051210
1050582
1049168
1052407
1051439
1050393
1049825
1050318
1049265
1049400
1048943
1049863
1050630
1050946
1049054
1049946
1049155
1049971
1051775
1049503
1049861
1051866
1049347
1049834
1051078
1049527
1053378
1050766
1049142
1051127
1051045
1049143
1050541
1049303
1049988
1049204
1051322
1049562
1052588
1050516
1049606
1049490
1050366
1049364
1050063
1050532
1049111
1050025
1049065
1050277
1050934
1050264
1049976
1048846
1049891
1050614
1050089
1048691
1048981
1048882
1052342
1051387
1049348
1050037
1049664
1048914
1050401
1049537
1050067
1050645
1050962
1050810
1049347
1050674
1050571
1050872
1049017
1034313
1048823
1049218
1048804
1051030
1054031
1050619
1050738
1051838
1051072
1053078
1050701
1048869
1050101
1050217
1049158
1049772
1049343
1049774
1050566
1049731
1050571
1051028
1049205
1049914
1048819
1050579
1051051
1052555
1049321
1050764
1051631
1049249
1049949
1055230
1051612
1049341
1050814
1050930
1048971
1050517
1048974
1050269
1050622
1049117
1050850
1051041
1055864
1049634
1050317
1049728
1050513
1049030
1050068
1050398
1051036
1049126
1051112
1051643
1050873
1049032
1049085
1049038
1049586
1050234
1050256
1049037
1050684
1052918
1050350
1051593
1050633
1049179
1050225
1050893
1051380
1048981
1050086
1050721
1050976
1025000
1049115
1050552
1051713
1050108
1049003
1049902
1049015
1051261
1050945
1049057
1049762
1050341
1049223
1050893
1051044
1051302
1051190
1049347
1050512
1050247
1050799
1049671
1049418
1050780
1049037
1050677
1050725
1049923
1049164
1051060
1053736
1051223
1049242
1050687
1050682
1049082
1050009
1050524
1049677
1051694
1049655
1049736
1049114
1049970
1049097
1050360
1049233
1049257
1050556
1052309
1051051
1049068
1050019
1050074
1051051
1050909
1049225
1049983
1051046
1049970
1049486
1049059
1051191
1049564
1049689
1049225
1050312
1049048
1053186
1051682
1050328
1048994
1053513
1051049
1051058
1050447
1049173
1050238
1050768
1019138
1049265
1050649
1049058
1049390
1049181
1051708
1049606
1050133
1051975
1049569
1050248
1053385
1049159
1049356
1051092
1049913
1048880
1050147
1050960
1049938
1050949
1049190
1050727
1049074
1050747
1048953
1049100
1050828
1052014
1049672
1051263
1051332
1049183
1050260
1050023
1050792
1049144
1050757
1050730
1051221
1049293
1050081
1050962
1050747
1049292
1049626
1049056
1050484
1049028
1050074
1052060
1049308
1050526
1050745
1050843
1051358
1051465
1048986
1050541
1061410
1049027
1048660
1049854
1049243
1049906
1050837
1051588
1049228
1049484
1055123
1049656
1049882
1049700
1050876
1050187
1048892
1049782
1050469
1049250
1032565
1050192
1050292
1049040
1049618
1048914
1049495
1048907
1049502
1049007
1051547
1052199
1050467
1051001
1050449
1048944
1050339
1050631
1049020
1049923
1050621
1049227
1050510
1049932
1050881
1049099
1049517
1050091
1048924
1049840
1051947
1051760
1049309
1049771
1050752
1050528
1051452
1050831
1049109
1050173
1052352
1049127
1049649
1050350
1050533
1049171
1055436
1049565
1049722
1050232
1051083
1049169
1050030
1051530
1049661
1049914
1053825
1049420
1050368
1051206
1050713
1050580
1050879
1049440
1050024
1049082
1050311
1048829
1050532
1048927
1050406
1050667
1051033
1049781
1051327
1050782
1049110
1050544
1050763
1049264
1021251
1050627
1049084
1051229
1051594
1051378
1050333
1050224
1049526
1050213
1049219
1049727
1049456
1049977
1051580
1049512
1050955
1052900
1049175
1050500
1050575
1049136
1050065
1050626
1049510
1050841
1049007
1049757
1049213
1050985
1050205
1048973
1050161
1048854
1051588
1051106
1049300
1050393
1050758
1049167
1049999
1051558
1050469
1050726
1049419
1049352
1048908
1050105
1049002
1050234
1050005
1048935
1050787
1052099
1051149
1049111
1052470
1050652
1049660
1049999
1051299
1050864
1049160
1049613
1050660
1050497
1048944
1049589
1048892
1050094
1049114
1049466
1048838
1049316
1051781
1050932
1050464
1051043
1049260
1049456
1040549
1049116
1049772
1050868
1050064
1049127
1050057
1048728
1051114
1049475
1049328
1048739
1049750
1048966
1050137
1051571
1050733
1050788
1049164
1050784
1050487
1049125
1051649
1050431
1051291
1049206
1050019
1048914
1050242
1049168
1050274
1049039
1051395
1049603
1052831
1050947
1049375
1052331
1050702
1049981
1050097
1050358
1048872
1050768
1049701
1050138
1049816
1051059
1049275
1050602
1050262
1049238
1049755
1048906
1050461
1051229
1049299
1050838
1053775
1050848
1049084
1050158
1050469
1049050
1050744
1049559
1050052
1049108
1050077
1049970
1050844
1048715
1050001
1049033
1051429
1051491
1049068
1053356
1051468
1049192
1036278
1050810
1050634
1050923
1050158
1049117
1050263
1049706
1049736
1049862
1049646
1049256
1946763
1050386
1050286
1049569
1049697
1049344
1049754
1049541
1049838
1049225
1053460
1050938
1049036
1049740
1049751
1050883
1049331
1055048
1050576
1050850
1049193
1050214
1050104
1050625
1049157
1050636
1050254
1050336
1049312
1050152
1049849
1051595
1049643
1050048
1051522
1050226
1049125
1049922
1049435
1049935
1051121
1048877
1050154
1050302
1050766
1052675
1051606
1050224
1048855
1050020
1050653
1050204
1050856
1053488
1051160
1050601
1049220
1050533
1050728
1050056
1050784
1051067
1051455
1050251
1048908
1049898
1050313
1048809
1049835
1050433
1048981
1050512
1050262
1050637
1052654
1050338
1051196
1049227
1050163
1049919
1050523
1049154
1050224
1050373
1050796
1049243
1049272
1050165
1051099
1049280
1025745
1052079
1049478
1049658
1049494
1050236
1049303
1050277
1049760
1050247
1048890
1064533
1055170
1051617
1050389
1050869
1049462
1051067
1049113
1049922
1049979
1048867
1050067
1049717
1050653
1050868
1050795
1049817
1051100
1049108
1049626
1049055
1050478
1049034
1051341
1051564
1049467
1050968
1051626
1049587
1051727
1050602
1103829
1050638
1049902
1049672
1049679
1049816
1049674
1050209
1050205
1050882
1050655
1049428
1050429
1049278
1050334
1050711
1051143
1049188
1050110
1051136
1051177
1054836
1049476
1050355
1050765
1049277
1051429
1050589
1049199
1050220
1050729
1051284
1049137
1050272
1049148
1049830
1049117
1049990
1050085
1050835
1049086
1051153
1050707
1048968
1050064
1050899
1049274
1050367
1050313
1049109
1049712
1051780
1050980
1051507
1049372
1050182
1048988
1013260
1049600
1050385
1048971
1050734
1050933
1050783
1054003
1049792
1048956
1050498
1050412
1048971
1050427
1050637
1051088
1049424
1048929
1050263
1050754
1050992
1049266
1049908
1049049
1050449
1051932
1049689
1050893
1051127
1049172
1050316
1050307
1050698
1050618
1049155
1050938
1049524
1050717
1049044
1050181
1049260
1050375
1050939
1050658
1049025
1049821
1050139
1049720
1050216
1050459
1049266
1060888
1051405
1049228
1050086
1051286
1051086
1051509
1049353
1050435
1048968
1049196
1048814
1050363
1048993
1051017
1055909
1051354
1050506
1051072
1049028
1050309
1053275
1049047
1050707
1050384
1050676
1049614
1050509
1049153
1008103
1049529
1050298
1049235
1049551
1049137
1051297
1051505
1050321
1050699
1049161
1050262
1050853
1049317
1052402
1050589
1049241
1051024
1049589
1050516
1049083
1049856
1048981
1050030
1050703
1050971
1049240
1051585
1050825
1049100
1050879
1049605
1050883
1050825
1049276
1049948
1050525
1049204
1051138
1049458
1050452
1049065
1049328
1048947
1049782
1048891
1049706
1050930
1051219
1053110
1049620
1050163
1051831
1049740
1049774
1051276
1053240
1049226
1049497
1050380
1050781
1049797
1051132
1049532
1050054
1050357
1048821
1049980
1049038
1050094
1055400
1049684
1050134
1050926
1050994
1051458
1051011
1049710
1050510
1050544
1026055
1050210
1049271
1049812
1049220
1050423
1050556
1050746
1051083
1049011
1051123
1051664
1050394
1051085
1049264
1050117
1051098
1049211
1049975
1052012
1049450
1050777
1049690
1050149
1049167
1050116
1048879
1049942
1049081
1049789
1051711
1051710
1049344
1050042
1050881
1054128
1051000
1050472
1049155
1050395
1050643
1049246
1050587
1050924
1050869
1049185
1049725
1049172
1050100
1049060
1049743
1051548
1049567
1050060
1053580
1050959
1051418
1052125
1049624
1050185
1050642
1049457
1050031
1049288
1049843
1050145
1051648
1049586
1050046
1048969
1051265
1050968
1049324
1051038
1051335
1049443
1049925
1049690
1051945
1050458
1025439
1051613
1049601
1050231
1049165
1049891
1049042
1049941
1050754
1049137
1049766
1053050
1049646
1050728
1051019
1049322
1049994
1050649
1049343
1050527
1050671
1049364
1050072
1051151
1051468
1049576
1050366
1049063
1050356
1049106
1049575
1049835
1054561
1051080
1051012
1049620
1050637
1051330
1049294
1050711
1050529
1049209
1050112
1050951
1049147
1051132
1051743
1049767
1050366
1050057
1049007
1049888
1049776
1051540
1049539
1050520
1050497
1050845
1049766
1050284
1050796
1051255
1049094
1050626
1050856
1050853
1050028
1048950
1050647
1049760
1050944
1049392
1050164
1049532
1049961
1049024
1049556
1051518
1049429
1050107
1030569
1049254
1051482
1051429
1049315
1050091
1050231
1049307
1050428
1050935
1050136
1050759
1049299
1050333
1049091
1051412
1049605
1050458
1049220
1049957
1051418
1049541
1050363
1050130
1049021
1050196
1050792
1050018
1051161
1050791
1049309
1050688
1049480
1050647
1048990
1049963
1049144
1049968
1050332
1051222
1049156
1049866
1049719
1049446
1050687
1051011
1049199
1050014
1052663
1049133
1049859
1051175
1050848
1050879
1049823
1051411
1049264
1049870
1049084
1050328
1049006
1049566
1050705
1049520
1051253
1050162
1051032
1050700
1049110
1050686
1049400
1050293
1053048
1049046
1049864
1050410
1052023
1050167
1051239
1050125
1032040
1049708
1050276
1049179
1050913
1049588
1051008
1052214
1050093
1053030
1050286
1050054
1050245
1049121
1050080
1050738
1050883
1049422
1049772
1049399
1051485
1049602
1049742
1049090
1049761
1049169
1051194
1050862
1051232
1049163
1050299
1051500
1049374
1050266
1051234
1051320
1050852
1049319
1050297
1050423
1050537
1048875
1049199
1049317
1049846
1050665
1050679
1051722
1049914
1050189
1050049
1050522
1050167
1050748
1049047
1051648
1050472
1050618
1049004
1050803
1049753
1050402
1049068
1050654
1050082
1049942
1054397
1049628
1051052
1050818
1049462
1051150
1052671
1050710
1049162
1050091
1050736
1049604
1050842
1049231
1026505
1049152
1050286
1050802
1051141
1055001
1049662
1050209
1049615
1049100
1050508
1050986
1051887
1051075
1049199
1051848
1051452
1051384
1049429
1050051
1049080
1049839
1050317
1049021
1050114
1049056
1051273
1051673
1050787
1049213
1050470
1050811
1051120
1050245
1050351
1049541
1050951
1051284
1049536
1050465
1050746
1049363
1049307
1051197
1049092
1049481
1051389
1051814
1051044
1049536
1050628
1049432
1050096
1051717
1049996
1050309
1050586
1049686
1050524
1049210
1049584
1049797
1049139
1049872
1049040
1050737
1049534
1051251
1050865
1049352
1050664
1050652
1049217
1050311
1050551
1050579
1049334
1050935
1049451
1051385
1023529
1049258
1050064
1060941
1049945
1051447
1050829
1049165
1050059
1051292
1051423
1051031
1049770
1050081
1051081
1049216
1050825
1050900
1050785
1049166
1049804
1049018
1050373
1050404
1049258
1050593
1049416
1050353
1051081
1050726
1049473
1050667
1050611
1049162
1049738
1050919
1050955
1051530
1050031
1050143
1049055
1050552
1050350
1050270
1048889
1049881
1049906
1050906
1049198
1051471
1051295
1051180
1049379
1050234
1050249
1050323
1049043
1050646
1050717
1050864
1049416
1049680
1049044
1050803
1049161
1049994
1049079
1049920
1051706
1049608
1050742
1051287
1049490
1050814
1050851
1051270
1049507
1050142
1049173
1050512
1022022
1049058
1049850
1050864
1049394
1050831
1049189
1049915
1049797
1051815
1051095
1050557
1052299
1051395
1049191
1050886
1050558
1049149
1049942
1050757
1051271
1049222
1050098
1050143
1050135
1049145
1049861
1049149
1050386
1049340
1050004
1051579
1049516
1050296
1050562
1051607
1049239
1050056
1051517
1049783
1051430
1049516
1050074
1049289
1050321
1050400
1049001
1050073
1049058
1049910
1053258
1049584
1050807
1050988
1050406
1051009
1052787
1049633
1050616
1050701
1049303
1050587
1050141
1050520
1049019
1049682
1049136
1050032
1049254
1050352
1049296
1049958
1053615
1049541
1050198
1050594
1050857
1050950
1051632
1049206
1027672
1050916
1050752
1049498
1050552
1049283
1049925
1050510
1050863
1051776
1049217
1050048
1050632
1049437
1049692
1050549
1049255
1051573
1051762
1049128
1051040
1051284
1049337
1049993
1051068
1779056
1059018
1050106
1049489
1049523
1049621
1049601
1049637
1049406
1049538
1050106
1049683
1049698
1050668
1050008
1049716
1050297
1050171
1049006
1049676
1057147
1048990
1049712
1053268
1050215
1050028
1050688
1049026
1052695
1050583
1050358
1048855
1050470
1051269
1050318
1049008
1050068
1051124
1050106
1048968
1051218
1049641
1049732
1049982
1049042
1049348
1049860
1049028
1049695
1050792
1049053
1051813
1051714
1052886
1050854
1049580
1049866
1050487
1050025
1049103
1050026
1053985
1049756
1048842
1050487
1050040
1050504
1049154
1051151
1050590
1050229
1051065
1050238
1048831
1049760
1048970
1049523
1049731
1048904
1050510
1050038
1049889
1052551
1051498
1050253
1050065
1050064
1051407
1049003
1049971
1051491
1053544
1049108
1049803
1050836
1051160
1049308
1049728
1051550
1050799
1043890
1050805
1049322
1049630
1048981
1049868
1049185
1050075
1051848
1049748
1053888
1051127
1049157
1050416
1050932
1049220
1049967
1050976
1049088
1050679
1051737
1049221
1051293
1049679
1050066
1049217
1050009
1049111
1049860
1052397
1049720
1050598
1051425
1049158
1050891
1049461
1050288
1050375
1049093
1050588
1050839
1049312
1050086
1049148
1049953
1050492
1050191
1050839
1049072
1051270
1050923
1049441
1050680
1050789
1048959
1049830
1051066
1048996
1051032
1051716
1049232
1049535
1049331
1050278
1049116
1049150
1049665
1048677
1049756
1049781
1049491
1051475
1050637
1048806
1050486
1050689
1049345
1049949
1051711
1051043
1020338
1050426
1052119
1049469
1049630
1049235
1049977
1049133
1049052
1048915
1049626
1048890
1051122
1051014
1054308
1050446
1050957
1051097
1049218
1050428
1050265
1049268
1049897
1049949
1049339
1050013
1050844
1050059
1050521
1049066
1050100
1049093
1050005
1048970
1052255
1051785
1049428
1051084
1051498
1049521
1050089
1050739
1052695
1051255
1050719
1049205
1049643
1049106
1049685
1049001
1050893
1049508
1050267
1049122
1050561
1050983
1049375
1050565
1050683
1049228
1050285
1050213
1049070
1069823
1050669
1050605
1049630
1049907
1049053
1050352
1049225
1050301
1049051
1055172
1051426
1052997
1049548
1053031
1051133
1049258
1008740
1050239
1048880
1050773
1050528
1049038
1049972
1048939
1049758
1050781
1049069
1050057
1049320
1051463
1051785
1049239
1050467
1050707
1049175
1052955
1051591
1049449
1050664
1050637
1049212
1050531
1049659
1049544
1050090
1048757
1049861
1050751
1049379
1050512
1049259
1050034
1051596
1049660
1050990
1050852
1049071
1050960
1050310
1049166
1050017
1051204
1049648
1050758
1051263
1049035
1050380
1049180
1049807
1049049
1050458
1050774
1049060
1051635
1051524
1049159
1050502
1050179
1049136
1049953
1050547
1050706
1052095
1049594
1050253
1049927
1062766
1049209
1049953
1049517
1050184
1048934
1050758
1051337
1049684
1050566
1025694
1049700
1050592
1051215
1049251
1050211
1050618
1049214
1049999
1049426
1050618
1049307
1049734
1050717
1051418
1049179
1050297
1049158
1055217
1050870
1049049
1051829
1050644
1052703
1050439
1051991
1049667
1049939
1050787
1049406
1050387
1050769
1049265
1049956
1049255
1050448
1050677
1051459
1049216
1051160
1051061
1049431
1049756
1051023
1049111
1049945
1050306
1049091
1050999
1050838
1049930
1050871
1049116
1050103
1049643
1050470
1048869
1049808
1049049
1051089
1051964
1049691
1050585
1051609
1049292
1050630
1051590
1049153
1050536
1051562
1051158
1049126
1049751
1048869
1050850
1049608
1050047
1049022
1050938
1051614
1052981
1050363
1057786
1049741
1050067
1049276
1050892
1051119
1050693
1050674
1051759
1049582
1049978
1053348
1049331
1050150
1052292
1049726
1049446
1068539
1049674
1050400
1050842
1049928
1050511
1050383
1049222
1050063
1050027
1055467
1049590
1050608
1054267
1049067
1050368
1049817
1051528
1051489
1049287
1050629
1050325
1049406
1049710
1049409
1050334
1050040
1049137
1049578
1050481
1050980
1049745
1050046
1055021
1049592
1050546
1051077
1049164
1050268
1051013
1049285
1065037
1053476
1050491
1051497
1050885
1050223
1051544
1049220
1050140
1049232
1050842
1049138
1050538
1049923
1050665
1053314
1049608
1050451
1049287
1050904
1050209
1049433
1050761
1058894
1049511
1050834
1051097
1050366
1049077
1048621
1050338
1049276
1049530
1049916
1048878
1049632
1049939
1052446
1051479
1050003
1049029
1050342
1050826
1049248
1050188
1050599
1048991
1050374
1051276
1049370
1049818
1050047
1051102
1049301
1050108
1050067
1050857
1049199
1032186
1051692
1050568
1050587
1051830
1049563
1051317
1052430
1050616
1050049
1048813
1050336
1049487
1050533
1050870
1049137
1049759
1050815
1051250
1049299
1049848
1049313
1051180
1050582
1049185
1050804
1051078
1049678
1050312
1048971
1050826
1050184
1051229
1050737
1051139
1049197
1050086
1049125
1049459
1048806
1051239
1049631
1051029
1052023
1049606
1050346
1050080
1049157
1052777
1050599
1050161
1050980
1049215
1050823
1051710
1049234
1050609
1049161
1049780
1049123
1049765
1049777
1050275
1049672
